 &plot nbnd=  34, nks=   271 /
            0.000000  0.000000  0.000000
  -61.447  -60.695  -31.885  -31.240  -31.143  -30.833  -30.574  -30.492   -7.421   -6.394
   -5.527   -5.520    4.280    4.284    5.472    5.983    6.015    8.452    8.460    8.520
    9.905   10.039   10.329   10.374   10.394   10.743   10.902   11.115   11.715   13.895
   14.228   16.852   17.038   18.252
            0.016667  0.000000  0.000000
  -61.447  -60.695  -31.885  -31.240  -31.143  -30.833  -30.574  -30.492   -7.420   -6.394
   -5.528   -5.521    4.282    4.286    5.474    5.983    6.016    8.447    8.458    8.517
    9.883   10.060   10.312   10.354   10.414   10.754   10.901   11.122   11.719   13.900
   14.226   16.851   17.037   18.250
            0.033333  0.000000  0.000000
  -61.447  -60.695  -31.885  -31.240  -31.143  -30.833  -30.574  -30.492   -7.417   -6.393
   -5.532   -5.523    4.288    4.293    5.480    5.984    6.017    8.435    8.453    8.506
    9.838   10.104   10.265   10.329   10.440   10.784   10.898   11.139   11.728   13.912
   14.221   16.846   17.034   18.244
            0.050000  0.000000  0.000000
  -61.447  -60.695  -31.885  -31.240  -31.143  -30.833  -30.574  -30.492   -7.412   -6.392
   -5.537   -5.527    4.298    4.304    5.489    5.985    6.020    8.415    8.444    8.489
    9.784   10.156   10.202   10.299   10.467   10.824   10.895   11.166   11.744   13.932
   14.213   16.839   17.028   18.234
            0.066667  0.000000  0.000000
  -61.447  -60.695  -31.885  -31.240  -31.143  -30.833  -30.574  -30.492   -7.405   -6.390
   -5.546   -5.531    4.311    4.319    5.501    5.987    6.023    8.385    8.432    8.466
    9.728   10.128   10.210   10.262   10.497   10.860   10.903   11.201   11.765   13.960
   14.201   16.830   17.021   18.219
            0.083333  0.000000  0.000000
  -61.447  -60.695  -31.885  -31.240  -31.143  -30.833  -30.574  -30.492   -7.396   -6.388
   -5.557   -5.537    4.328    4.340    5.518    5.989    6.028    8.348    8.417    8.438
    9.670   10.047   10.222   10.265   10.531   10.864   10.943   11.239   11.792   13.996
   14.187   16.817   17.011   18.200
            0.100000  0.000000  0.000000
  -61.447  -60.695  -31.885  -31.240  -31.143  -30.833  -30.574  -30.492   -7.385   -6.386
   -5.570   -5.543    4.349    4.364    5.538    5.992    6.033    8.302    8.400    8.406
    9.611    9.960   10.180   10.321   10.568   10.854   10.996   11.280   11.824   14.037
   14.172   16.803   16.999   18.176
            0.116667  0.000000  0.000000
  -61.447  -60.695  -31.885  -31.240  -31.143  -30.834  -30.574  -30.492   -7.372   -6.383
   -5.586   -5.550    4.373    4.393    5.561    5.995    6.040    8.250    8.367    8.380
    9.552    9.868   10.138   10.377   10.609   10.841   11.052   11.321   11.860   14.077
   14.162   16.785   16.986   18.147
            0.133333  0.000000  0.000000
  -61.447  -60.695  -31.885  -31.240  -31.142  -30.834  -30.574  -30.492   -7.358   -6.380
   -5.604   -5.559    4.400    4.426    5.589    5.998    6.047    8.193    8.324    8.358
    9.492    9.771   10.098   10.433   10.652   10.825   11.109   11.362   11.900   14.092
   14.181   16.766   16.971   18.114
            0.150000  0.000000  0.000000
  -61.447  -60.695  -31.885  -31.240  -31.142  -30.834  -30.574  -30.492   -7.341   -6.377
   -5.623   -5.568    4.431    4.463    5.620    6.002    6.055    8.131    8.276    8.334
    9.432    9.671   10.060   10.490   10.696   10.807   11.167   11.401   11.943   14.076
   14.236   16.744   16.954   18.077
            0.166667  0.000000  0.000000
  -61.447  -60.695  -31.885  -31.240  -31.142  -30.834  -30.574  -30.492   -7.323   -6.374
   -5.644   -5.578    4.464    4.503    5.655    6.005    6.064    8.064    8.222    8.310
    9.372    9.568   10.026   10.546   10.738   10.791   11.225   11.439   11.988   14.049
   14.305   16.720   16.936   18.034
            0.183333  0.000000  0.000000
  -61.447  -60.695  -31.885  -31.240  -31.142  -30.834  -30.574  -30.492   -7.303   -6.371
   -5.667   -5.589    4.501    4.546    5.693    6.010    6.073    7.995    8.163    8.285
    9.313    9.461    9.996   10.603   10.751   10.801   11.284   11.474   12.036   14.017
   14.382   16.695   16.917   17.988
            0.200000  0.000000  0.000000
  -61.447  -60.695  -31.885  -31.240  -31.142  -30.834  -30.574  -30.492   -7.281   -6.368
   -5.691   -5.601    4.541    4.593    5.736    6.014    6.083    7.924    8.100    8.259
    9.254    9.352    9.970   10.658   10.732   10.842   11.343   11.507   12.085   13.983
   14.465   16.668   16.897   17.938
            0.216667  0.000000  0.000000
  -61.447  -60.695  -31.885  -31.240  -31.142  -30.835  -30.574  -30.492   -7.258   -6.366
   -5.715   -5.613    4.584    4.642    5.782    6.019    6.094    7.850    8.033    8.233
    9.196    9.240    9.949   10.706   10.713   10.886   11.402   11.536   12.134   13.946
   14.553   16.640   16.876   17.883
            0.233333  0.000000  0.000000
  -61.447  -60.695  -31.885  -31.240  -31.142  -30.835  -30.574  -30.492   -7.232   -6.365
   -5.740   -5.626    4.629    4.693    5.832    6.023    6.105    7.776    7.963    8.208
    9.126    9.139    9.932   10.678   10.767   10.931   11.461   11.563   12.184   13.908
   14.646   16.610   16.854   17.824
            0.250000  0.000000  0.000000
  -61.447  -60.695  -31.885  -31.240  -31.141  -30.835  -30.574  -30.492   -7.206   -6.365
   -5.765   -5.640    4.676    4.746    5.885    6.028    6.116    7.700    7.890    8.183
    9.010    9.084    9.920   10.649   10.820   10.974   11.520   11.587   12.234   13.868
   14.743   16.581   16.832   17.761
            0.266667  0.000000  0.000000
  -61.447  -60.695  -31.885  -31.240  -31.141  -30.835  -30.574  -30.492   -7.177   -6.366
   -5.789   -5.655    4.725    4.801    5.943    6.033    6.128    7.624    7.815    8.158
    8.893    9.030    9.912   10.618   10.872   11.016   11.578   11.609   12.283   13.826
   14.844   16.551   16.810   17.694
            0.283333  0.000000  0.000000
  -61.447  -60.695  -31.885  -31.240  -31.141  -30.836  -30.574  -30.492   -7.148   -6.369
   -5.812   -5.669    4.776    4.857    6.004    6.038    6.140    7.548    7.739    8.135
    8.775    8.978    9.908   10.585   10.922   11.056   11.625   11.638   12.331   13.784
   14.948   16.521   16.788   17.624
            0.300000  0.000000  0.000000
  -61.447  -60.695  -31.885  -31.240  -31.141  -30.836  -30.574  -30.493   -7.117   -6.374
   -5.834   -5.685    4.828    4.913    6.043    6.069    6.151    7.473    7.662    8.113
    8.656    8.928    9.908   10.552   10.969   11.095   11.642   11.694   12.377   13.741
   15.054   16.491   16.766   17.550
            0.316667  0.000000  0.000000
  -61.447  -60.695  -31.885  -31.240  -31.141  -30.836  -30.574  -30.493   -7.084   -6.383
   -5.853   -5.700    4.881    4.970    6.048    6.137    6.162    7.399    7.587    8.093
    8.536    8.881    9.912   10.517   11.015   11.132   11.656   11.750   12.422   13.698
   15.162   16.462   16.745   17.472
            0.333333  0.000000  0.000000
  -61.447  -60.695  -31.885  -31.240  -31.141  -30.836  -30.574  -30.493   -7.051   -6.394
   -5.870   -5.716    4.934    5.026    6.053    6.173    6.209    7.326    7.513    8.074
    8.417    8.836    9.920   10.482   11.057   11.166   11.667   11.805   12.464   13.656
   15.272   16.434   16.724   17.391
            0.350000  0.000000  0.000000
  -61.447  -60.695  -31.885  -31.240  -31.141  -30.836  -30.574  -30.493   -7.016   -6.409
   -5.883   -5.732    4.986    5.082    6.057    6.183    6.284    7.255    7.442    8.057
    8.297    8.794    9.930   10.447   11.097   11.199   11.676   11.857   12.503   13.614
   15.383   16.408   16.705   17.307
            0.366667  0.000000  0.000000
  -61.447  -60.695  -31.885  -31.240  -31.140  -30.837  -30.574  -30.493   -6.980   -6.427
   -5.893   -5.748    5.037    5.135    6.061    6.193    6.362    7.187    7.374    8.041
    8.179    8.756    9.943   10.411   11.134   11.229   11.683   11.907   12.539   13.574
   15.495   16.383   16.686   17.220
            0.383333  0.000000  0.000000
  -61.447  -60.695  -31.885  -31.240  -31.140  -30.837  -30.574  -30.493   -6.944   -6.449
   -5.899   -5.764    5.086    5.187    6.065    6.202    6.442    7.123    7.312    8.028
    8.062    8.721    9.960   10.375   11.167   11.256   11.688   11.953   12.572   13.535
   15.607   16.361   16.669   17.130
            0.400000  0.000000  0.000000
  -61.447  -60.695  -31.885  -31.240  -31.140  -30.837  -30.574  -30.493   -6.906   -6.474
   -5.903   -5.780    5.131    5.235    6.069    6.210    6.523    7.065    7.254    7.947
    8.016    8.690    9.978   10.339   11.196   11.281   11.691   11.996   12.601   13.500
   15.720   16.340   16.654   17.037
            0.416667  0.000000  0.000000
  -61.447  -60.695  -31.885  -31.240  -31.140  -30.837  -30.574  -30.493   -6.868   -6.503
   -5.903   -5.796    5.173    5.279    6.072    6.217    6.604    7.014    7.203    7.835
    8.006    8.664    9.999   10.303   11.221   11.303   11.693   12.034   12.626   13.467
   15.831   16.323   16.641   16.943
            0.433333  0.000000  0.000000
  -61.447  -60.695  -31.885  -31.240  -31.140  -30.837  -30.574  -30.493   -6.830   -6.534
   -5.900   -5.811    5.209    5.318    6.074    6.223    6.679    6.976    7.160    7.727
    7.998    8.641   10.023   10.268   11.242   11.321   11.695   12.066   12.647   13.440
   15.941   16.308   16.630   16.847
            0.450000  0.000000  0.000000
  -61.447  -60.695  -31.885  -31.240  -31.140  -30.837  -30.574  -30.493   -6.791   -6.567
   -5.895   -5.826    5.238    5.350    6.076    6.227    6.740    6.958    7.125    7.627
    7.992    8.624   10.048   10.233   11.258   11.336   11.695   12.093   12.663   13.417
   16.048   16.296   16.621   16.751
            0.466667  0.000000  0.000000
  -61.447  -60.695  -31.885  -31.240  -31.140  -30.837  -30.574  -30.493   -6.753   -6.602
   -5.887   -5.840    5.259    5.374    6.078    6.231    6.774    6.970    7.099    7.539
    7.988    8.611   10.075   10.200   11.270   11.346   11.695   12.112   12.675   13.400
   16.149   16.288   16.615   16.658
            0.483333  0.000000  0.000000
  -61.447  -60.695  -31.885  -31.240  -31.140  -30.837  -30.574  -30.493   -6.714   -6.639
   -5.879   -5.852    5.273    5.389    6.079    6.233    6.784    7.000    7.082    7.474
    7.985    8.603   10.104   10.167   11.277   11.353   11.695   12.124   12.683   13.390
   16.234   16.283   16.577   16.611
            0.500000  0.000000  0.000000
  -61.447  -60.695  -31.885  -31.240  -31.140  -30.837  -30.574  -30.493   -6.677   -6.675
   -5.873   -5.859    5.277    5.394    6.079    6.234    6.785    7.016    7.076    7.449
    7.984    8.601   10.130   10.139   11.280   11.355   11.695   12.128   12.685   13.386
   16.274   16.281   16.539   16.610
            0.500000  0.000000  0.017257
  -61.447  -60.695  -31.885  -31.240  -31.140  -30.837  -30.574  -30.493   -6.676   -6.674
   -5.873   -5.860    5.279    5.396    6.077    6.230    6.787    7.020    7.079    7.447
    7.983    8.593   10.133   10.141   11.272   11.357   11.704   12.126   12.687   13.385
   16.271   16.273   16.543   16.609
            0.500000  0.000000  0.034514
  -61.447  -60.695  -31.885  -31.241  -31.140  -30.837  -30.575  -30.493   -6.673   -6.671
   -5.875   -5.861    5.286    5.402    6.071    6.219    6.792    7.033    7.088    7.440
    7.980    8.572   10.139   10.145   11.252   11.362   11.727   12.120   12.692   13.383
   16.251   16.263   16.553   16.607
            0.500000  0.000000  0.051770
  -61.447  -60.695  -31.885  -31.242  -31.140  -30.837  -30.576  -30.493   -6.669   -6.667
   -5.877   -5.864    5.296    5.412    6.062    6.202    6.798    7.054    7.103    7.428
    7.974    8.538   10.147   10.152   11.222   11.370   11.761   12.110   12.702   13.379
   16.217   16.247   16.568   16.603
            0.500000  0.000000  0.069027
  -61.447  -60.695  -31.884  -31.244  -31.139  -30.837  -30.578  -30.492   -6.662   -6.660
   -5.880   -5.867    5.311    5.425    6.049    6.181    6.806    7.082    7.122    7.411
    7.969    8.493   10.158   10.160   11.189   11.382   11.802   12.096   12.714   13.374
   16.174   16.226   16.585   16.600
            0.500000  0.000000  0.086284
  -61.447  -60.695  -31.884  -31.246  -31.139  -30.837  -30.580  -30.492   -6.654   -6.652
   -5.885   -5.872    5.329    5.443    6.035    6.157    6.813    7.118    7.141    7.391
    7.965    8.438   10.167   10.169   11.156   11.397   11.846   12.080   12.729   13.367
   16.123   16.196   16.598   16.603
            0.500000  0.000000  0.103541
  -61.446  -60.695  -31.884  -31.248  -31.139  -30.837  -30.582  -30.492   -6.645   -6.642
   -5.890   -5.877    5.352    5.464    6.018    6.130    6.820    7.156    7.160    7.373
    7.963    8.376   10.172   10.178   11.126   11.416   11.891   12.061   12.746   13.359
   16.065   16.160   16.598   16.622
            0.500000  0.000000  0.120798
  -61.446  -60.694  -31.884  -31.251  -31.138  -30.836  -30.585  -30.491   -6.633   -6.631
   -5.895   -5.883    5.378    5.489    6.001    6.102    6.826    7.159    7.206    7.363
    7.965    8.309   10.174   10.184   11.101   11.436   11.936   12.040   12.765   13.350
   16.003   16.115   16.601   16.641
            0.500000  0.000000  0.138055
  -61.446  -60.694  -31.884  -31.254  -31.138  -30.836  -30.589  -30.490   -6.620   -6.618
   -5.902   -5.890    5.409    5.517    5.983    6.075    6.830    7.141    7.256    7.369
    7.971    8.238   10.170   10.186   11.082   11.458   11.979   12.018   12.785   13.340
   15.935   16.065   16.607   16.660
            0.500000  0.000000  0.155311
  -61.446  -60.694  -31.884  -31.258  -31.137  -30.836  -30.592  -30.490   -6.606   -6.604
   -5.909   -5.898    5.443    5.549    5.965    6.047    6.833    7.102    7.308    7.392
    7.981    8.166   10.159   10.185   11.070   11.481   11.995   12.021   12.807   13.330
   15.864   16.008   16.615   16.680
            0.500000  0.000000  0.172568
  -61.446  -60.694  -31.883  -31.262  -31.136  -30.836  -30.596  -30.489   -6.590   -6.588
   -5.917   -5.906    5.481    5.584    5.947    6.021    6.833    7.049    7.362    7.425
    7.996    8.094   10.141   10.179   11.066   11.502   11.973   12.059   12.830   13.319
   15.789   15.946   16.626   16.700
            0.500000  0.000000  0.189825
  -61.445  -60.693  -31.883  -31.266  -31.136  -30.835  -30.601  -30.488   -6.573   -6.571
   -5.925   -5.914    5.523    5.622    5.931    5.995    6.830    6.986    7.416    7.463
    8.015    8.026   10.117   10.169   11.069   11.520   11.953   12.094   12.854   13.308
   15.712   15.880   16.640   16.720
            0.500000  0.000000  0.207082
  -61.445  -60.693  -31.883  -31.271  -31.135  -30.835  -30.605  -30.487   -6.555   -6.553
   -5.933   -5.923    5.568    5.662    5.916    5.972    6.823    6.917    7.468    7.504
    7.964    8.039   10.087   10.154   11.078   11.532   11.936   12.125   12.879   13.298
   15.633   15.810   16.657   16.742
            0.500000  0.000000  0.224339
  -61.445  -60.693  -31.883  -31.275  -31.134  -30.834  -30.610  -30.487   -6.537   -6.535
   -5.942   -5.933    5.616    5.703    5.903    5.950    6.811    6.845    7.516    7.545
    7.912    8.068   10.052   10.136   11.090   11.537   11.922   12.151   12.905   13.288
   15.552   15.739   16.676   16.764
            0.500000  0.000000  0.241596
  -61.445  -60.693  -31.882  -31.280  -31.133  -30.834  -30.616  -30.486   -6.517   -6.515
   -5.951   -5.942    5.667    5.744    5.894    5.929    6.770    6.794    7.556    7.586
    7.876    8.099   10.013   10.116   11.106   11.533   11.912   12.173   12.933   13.278
   15.471   15.665   16.697   16.787
            0.500000  0.000000  0.258852
  -61.444  -60.692  -31.882  -31.286  -31.132  -30.834  -30.621  -30.485   -6.498   -6.495
   -5.959   -5.951    5.720    5.781    5.891    5.911    6.696    6.770    7.582    7.626
    7.860    8.135    9.971   10.092   11.122   11.520   11.907   12.190   12.961   13.270
   15.390   15.591   16.720   16.812
            0.500000  0.000000  0.276109
  -61.444  -60.692  -31.882  -31.291  -31.131  -30.833  -30.627  -30.484   -6.478   -6.475
   -5.967   -5.960    5.775    5.807    5.896    5.900    6.624    6.740    7.593    7.665
    7.870    8.173    9.928   10.066   11.139   11.499   11.903   12.202   12.992   13.263
   15.309   15.517   16.745   16.837
            0.500000  0.000000  0.293366
  -61.444  -60.692  -31.881  -31.297  -31.130  -30.833  -30.633  -30.483   -6.458   -6.456
   -5.975   -5.968    5.816    5.827    5.887    5.924    6.557    6.703    7.593    7.702
    7.898    8.213    9.885   10.039   11.154   11.470   11.899   12.209   13.024   13.258
   15.229   15.443   16.772   16.864
            0.500000  0.000000  0.310623
  -61.443  -60.691  -31.881  -31.303  -31.129  -30.832  -30.639  -30.482   -6.438   -6.436
   -5.981   -5.975    5.815    5.851    5.908    5.955    6.499    6.661    7.590    7.738
    7.939    8.254    9.842   10.011   11.166   11.436   11.894   12.211   13.057   13.255
   15.150   15.371   16.800   16.891
            0.500000  0.000000  0.327880
  -61.443  -60.691  -31.880  -31.308  -31.128  -30.832  -30.645  -30.481   -6.420   -6.418
   -5.986   -5.981    5.809    5.845    5.959    5.979    6.456    6.617    7.588    7.772
    7.985    8.297    9.801    9.982   11.176   11.396   11.886   12.208   13.092   13.254
   15.073   15.300   16.830   16.919
            0.500000  0.000000  0.345137
  -61.443  -60.691  -31.880  -31.314  -31.127  -30.831  -30.651  -30.479   -6.403   -6.400
   -5.990   -5.986    5.799    5.836    5.989    6.013    6.436    6.573    7.590    7.805
    8.032    8.339    9.761    9.953   11.182   11.354   11.873   12.199   13.128   13.255
   14.999   15.231   16.861   16.949
            0.500000  0.000000  0.362393
  -61.442  -60.690  -31.880  -31.320  -31.126  -30.831  -30.657  -30.478   -6.387   -6.385
   -5.992   -5.989    5.786    5.826    5.983    6.060    6.441    6.536    7.597    7.836
    8.081    8.380    9.725    9.924   11.184   11.308   11.856   12.185   13.165   13.258
   14.927   15.165   16.893   16.978
            0.500000  0.000000  0.379650
  -61.442  -60.690  -31.879  -31.326  -31.125  -30.831  -30.663  -30.477   -6.373   -6.371
   -5.992   -5.989    5.765    5.817    5.965    6.095    6.469    6.513    7.608    7.866
    8.128    8.420    9.692    9.896   11.181   11.261   11.834   12.166   13.203   13.264
   14.858   15.102   16.926   17.009
            0.500000  0.000000  0.396907
  -61.442  -60.690  -31.879  -31.332  -31.124  -30.830  -30.669  -30.476   -6.361   -6.359
   -5.990   -5.988    5.735    5.807    5.945    6.110    6.512    6.515    7.622    7.894
    8.173    8.456    9.664    9.869   11.174   11.212   11.806   12.142   13.242   13.272
   14.793   15.042   16.959   17.040
            0.500000  0.000000  0.414164
  -61.441  -60.689  -31.879  -31.338  -31.123  -30.830  -30.675  -30.475   -6.352   -6.350
   -5.985   -5.984    5.694    5.795    5.929    6.103    6.538    6.571    7.639    7.921
    8.216    8.489    9.640    9.843   11.159   11.165   11.773   12.114   13.280   13.282
   14.731   14.985   16.993   17.071
            0.500000  0.000000  0.431421
  -61.441  -60.689  -31.878  -31.344  -31.122  -30.829  -30.681  -30.474   -6.346   -6.343
   -5.978   -5.977    5.645    5.782    5.920    6.080    6.584    6.634    7.659    7.947
    8.256    8.518    9.623    9.819   11.109   11.148   11.735   12.082   13.293   13.318
   14.673   14.932   17.027   17.102
            0.500000  0.000000  0.448678
  -61.441  -60.689  -31.878  -31.349  -31.121  -30.829  -30.687  -30.473   -6.341   -6.339
   -5.969   -5.968    5.590    5.764    5.917    6.052    6.643    6.702    7.680    7.972
    8.293    8.543    9.611    9.797   11.057   11.129   11.693   12.046   13.306   13.356
   14.618   14.883   17.061   17.134
            0.500000  0.000000  0.465934
  -61.440  -60.688  -31.878  -31.355  -31.121  -30.828  -30.692  -30.472   -6.339   -6.337
   -5.957   -5.957    5.532    5.741    5.918    6.025    6.710    6.771    7.703    7.995
    8.327    8.561    9.606    9.778   11.005   11.106   11.647   12.007   13.320   13.392
   14.568   14.837   17.094   17.164
            0.500000  0.000000  0.483191
  -61.440  -60.688  -31.877  -31.360  -31.120  -30.828  -30.698  -30.471   -6.339   -6.337
   -5.945   -5.944    5.475    5.712    5.922    6.002    6.782    6.843    7.727    8.017
    8.357    8.574    9.608    9.761   10.953   11.080   11.598   11.965   13.335   13.427
   14.522   14.796   17.127   17.195
            0.500000  0.000000  0.500448
  -61.440  -60.688  -31.877  -31.365  -31.119  -30.828  -30.703  -30.470   -6.340   -6.339
   -5.931   -5.930    5.418    5.677    5.927    5.985    6.855    6.914    7.752    8.038
    8.382    8.582    9.616    9.748   10.900   11.050   11.547   11.921   13.350   13.461
   14.480   14.758   17.159   17.224
            0.500000  0.000000  0.517705
  -61.440  -60.687  -31.877  -31.369  -31.118  -30.827  -30.708  -30.469   -6.343   -6.342
   -5.917   -5.916    5.364    5.639    5.934    5.975    6.929    6.985    7.777    8.058
    8.404    8.584    9.631    9.738   10.848   11.019   11.494   11.876   13.366   13.492
   14.441   14.724   17.190   17.252
            0.500000  0.000000  0.534962
  -61.439  -60.687  -31.876  -31.374  -31.117  -30.827  -30.712  -30.468   -6.346   -6.345
   -5.902   -5.901    5.312    5.599    5.942    5.968    7.002    7.054    7.802    8.077
    8.422    8.581    9.650    9.733   10.796   10.985   11.440   11.830   13.381   13.522
   14.407   14.694   17.219   17.279
            0.500000  0.000000  0.552219
  -61.439  -60.687  -31.876  -31.378  -31.117  -30.827  -30.717  -30.468   -6.350   -6.349
   -5.888   -5.886    5.264    5.559    5.950    5.966    7.073    7.121    7.828    8.096
    8.435    8.574    9.675    9.731   10.746   10.949   11.386   11.784   13.396   13.549
   14.376   14.667   17.247   17.305
            0.500000  0.000000  0.569475
  -61.439  -60.687  -31.876  -31.382  -31.116  -30.826  -30.720  -30.467   -6.354   -6.354
   -5.874   -5.872    5.219    5.520    5.958    5.966    7.141    7.185    7.854    8.114
    8.443    8.563    9.703    9.733   10.696   10.913   11.333   11.738   13.410   13.574
   14.350   14.644   17.273   17.329
            0.500000  0.000000  0.586732
  -61.439  -60.687  -31.876  -31.385  -31.115  -30.826  -30.724  -30.466   -6.358   -6.358
   -5.861   -5.859    5.178    5.484    5.966    5.967    7.205    7.244    7.880    8.132
    8.447    8.549    9.734    9.740   10.647   10.876   11.283   11.694   13.424   13.596
   14.326   14.624   17.298   17.351
            0.500000  0.000000  0.603989
  -61.438  -60.686  -31.875  -31.388  -31.115  -30.826  -30.727  -30.466   -6.362   -6.362
   -5.848   -5.846    5.142    5.451    5.969    5.975    7.264    7.300    7.906    8.150
    8.447    8.533    9.749    9.766   10.600   10.840   11.235   11.653   13.436   13.616
   14.306   14.608   17.319   17.371
            0.500000  0.000000  0.621246
  -61.438  -60.686  -31.875  -31.391  -31.114  -30.826  -30.730  -30.465   -6.366   -6.366
   -5.837   -5.835    5.110    5.421    5.972    5.982    7.316    7.349    7.932    8.167
    8.443    8.515    9.762    9.799   10.555   10.805   11.191   11.615   13.446   13.633
   14.290   14.594   17.339   17.388
            0.500000  0.000000  0.638503
  -61.438  -60.686  -31.875  -31.393  -31.114  -30.825  -30.732  -30.465   -6.370   -6.369
   -5.828   -5.825    5.082    5.395    5.975    5.989    7.362    7.393    7.958    8.185
    8.436    8.496    9.777    9.830   10.514   10.772   11.152   11.581   13.456   13.647
   14.276   14.582   17.355   17.404
            0.500000  0.000000  0.655760
  -61.438  -60.686  -31.875  -31.395  -31.114  -30.825  -30.734  -30.464   -6.373   -6.372
   -5.820   -5.817    5.060    5.374    5.977    5.994    7.401    7.430    7.981    8.202
    8.427    8.477    9.793    9.859   10.476   10.742   11.119   11.552   13.464   13.659
   14.265   14.573   17.369   17.416
            0.500000  0.000000  0.673016
  -61.438  -60.686  -31.875  -31.397  -31.113  -30.825  -30.736  -30.464   -6.375   -6.375
   -5.813   -5.811    5.042    5.357    5.980    5.999    7.431    7.459    8.003    8.218
    8.418    8.459    9.809    9.884   10.444   10.717   11.093   11.528   13.470   13.668
   14.256   14.566   17.380   17.426
            0.500000  0.000000  0.690273
  -61.438  -60.686  -31.875  -31.398  -31.113  -30.825  -30.737  -30.464   -6.377   -6.376
   -5.809   -5.806    5.029    5.345    5.981    6.002    7.452    7.480    8.020    8.232
    8.409    8.444    9.822    9.903   10.419   10.697   11.074   11.511   13.474   13.675
   14.251   14.562   17.388   17.433
            0.500000  0.000000  0.707530
  -61.438  -60.686  -31.875  -31.399  -31.113  -30.825  -30.738  -30.464   -6.378   -6.377
   -5.806   -5.803    5.022    5.337    5.983    6.004    7.465    7.492    8.032    8.242
    8.402    8.433    9.831    9.916   10.403   10.685   11.062   11.501   13.477   13.679
   14.247   14.559   17.393   17.438
            0.500000  0.000000  0.724787
  -61.438  -60.686  -31.875  -31.399  -31.113  -30.825  -30.738  -30.464   -6.378   -6.378
   -5.805   -5.802    5.019    5.335    5.983    6.005    7.470    7.497    8.036    8.245
    8.400    8.430    9.834    9.920   10.397   10.681   11.058   11.497   13.478   13.680
   14.246   14.558   17.394   17.439
            0.483333  0.000000  0.724787
  -61.438  -60.686  -31.875  -31.399  -31.113  -30.825  -30.738  -30.464   -6.378   -6.377
   -5.805   -5.803    5.021    5.336    5.983    6.004    7.468    7.496    8.033    8.237
    8.410    8.434    9.822    9.902   10.414   10.693   11.058   11.497   13.477   13.680
   14.247   14.559   17.391   17.436
            0.466667  0.000000  0.724787
  -61.438  -60.686  -31.875  -31.399  -31.113  -30.825  -30.738  -30.464   -6.377   -6.376
   -5.806   -5.804    5.025    5.339    5.982    6.003    7.465    7.494    8.024    8.217
    8.435    8.446    9.787    9.856   10.458   10.727   11.058   11.497   13.475   13.680
   14.252   14.563   17.382   17.427
            0.450000  0.000000  0.724787
  -61.438  -60.686  -31.875  -31.399  -31.113  -30.825  -30.738  -30.464   -6.376   -6.375
   -5.808   -5.806    5.032    5.344    5.981    6.001    7.459    7.490    8.011    8.192
    8.466    8.468    9.734    9.792   10.520   10.779   11.058   11.497   13.472   13.681
   14.260   14.569   17.367   17.412
            0.433333  0.000000  0.724787
  -61.438  -60.686  -31.875  -31.399  -31.113  -30.825  -30.738  -30.464   -6.374   -6.373
   -5.810   -5.808    5.041    5.351    5.981    5.999    7.451    7.485    7.995    8.165
    8.490    8.506    9.667    9.719   10.589   10.844   11.058   11.497   13.468   13.681
   14.271   14.577   17.347   17.391
            0.416667  0.000000  0.724787
  -61.438  -60.686  -31.875  -31.399  -31.113  -30.825  -30.738  -30.464   -6.371   -6.370
   -5.814   -5.811    5.053    5.359    5.980    5.995    7.441    7.479    7.977    8.138
    8.516    8.547    9.593    9.641   10.664   10.917   11.058   11.496   13.462   13.682
   14.285   14.588   17.321   17.364
            0.400000  0.000000  0.724787
  -61.438  -60.686  -31.875  -31.399  -31.113  -30.825  -30.738  -30.464   -6.368   -6.367
   -5.817   -5.815    5.068    5.369    5.980    5.992    7.428    7.471    7.960    8.112
    8.544    8.589    9.512    9.561   10.739   10.995   11.058   11.496   13.455   13.683
   14.303   14.602   17.289   17.332
            0.383333  0.000000  0.724787
  -61.438  -60.686  -31.875  -31.399  -31.113  -30.825  -30.738  -30.464   -6.364   -6.363
   -5.822   -5.820    5.085    5.380    5.980    5.987    7.415    7.461    7.942    8.086
    8.571    8.633    9.427    9.482   10.815   11.058   11.077   11.495   13.447   13.684
   14.323   14.618   17.252   17.294
            0.366667  0.000000  0.724787
  -61.438  -60.686  -31.875  -31.399  -31.113  -30.825  -30.738  -30.464   -6.359   -6.359
   -5.827   -5.825    5.105    5.392    5.982    5.982    7.400    7.450    7.926    8.061
    8.595    8.677    9.341    9.407   10.889   11.060   11.161   11.495   13.438   13.685
   14.346   14.636   17.210   17.251
            0.350000  0.000000  0.724787
  -61.438  -60.686  -31.875  -31.399  -31.113  -30.825  -30.738  -30.464   -6.354   -6.354
   -5.832   -5.831    5.127    5.404    5.977    5.986    7.383    7.438    7.912    8.038
    8.612    8.721    9.254    9.338   10.958   11.065   11.246   11.495   13.428   13.687
   14.373   14.656   17.163   17.203
            0.333333  0.000000  0.724787
  -61.438  -60.686  -31.875  -31.399  -31.113  -30.825  -30.738  -30.464   -6.349   -6.349
   -5.838   -5.837    5.151    5.416    5.972    5.992    7.366    7.424    7.899    8.015
    8.620    8.765    9.167    9.279   11.012   11.083   11.330   11.496   13.416   13.689
   14.402   14.679   17.112   17.151
            0.316667  0.000000  0.724787
  -61.438  -60.686  -31.875  -31.399  -31.113  -30.825  -30.738  -30.464   -6.343   -6.343
   -5.845   -5.844    5.176    5.428    5.967    6.001    7.348    7.409    7.888    7.994
    8.614    8.807    9.082    9.233   11.033   11.132   11.409   11.502   13.402   13.691
   14.434   14.704   17.057   17.095
            0.300000  0.000000  0.724787
  -61.438  -60.686  -31.874  -31.398  -31.113  -30.825  -30.738  -30.464   -6.337   -6.337
   -5.852   -5.852    5.204    5.439    5.963    6.013    7.328    7.393    7.878    7.973
    8.592    8.842    9.005    9.204   11.039   11.194   11.463   11.532   13.388   13.694
   14.469   14.732   16.997   17.034
            0.283333  0.000000  0.724787
  -61.438  -60.686  -31.874  -31.398  -31.113  -30.825  -30.738  -30.464   -6.331   -6.330
   -5.860   -5.859    5.232    5.448    5.959    6.030    7.308    7.377    7.870    7.953
    8.552    8.847    8.958    9.191   11.040   11.258   11.476   11.602   13.372   13.697
   14.507   14.761   16.935   16.970
            0.266667  0.000000  0.724787
  -61.438  -60.686  -31.874  -31.398  -31.113  -30.825  -30.739  -30.464   -6.324   -6.323
   -5.868   -5.867    5.262    5.455    5.956    6.051    7.288    7.360    7.863    7.934
    8.499    8.794    8.970    9.194   11.040   11.320   11.478   11.682   13.355   13.701
   14.548   14.793   16.869   16.903
            0.250000  0.000000  0.724787
  -61.438  -60.686  -31.874  -31.398  -31.113  -30.825  -30.739  -30.464   -6.317   -6.315
   -5.876   -5.876    5.293    5.461    5.954    6.076    7.266    7.342    7.857    7.915
    8.434    8.721    9.004    9.207   11.039   11.379   11.478   11.762   13.336   13.705
   14.591   14.828   16.801   16.833
            0.233333  0.000000  0.724787
  -61.438  -60.686  -31.874  -31.398  -31.113  -30.825  -30.739  -30.464   -6.309   -6.307
   -5.885   -5.884    5.323    5.464    5.953    6.106    7.243    7.324    7.852    7.897
    8.362    8.646    9.041    9.227   11.037   11.435   11.477   11.842   13.316   13.710
   14.637   14.865   16.730   16.760
            0.216667  0.000000  0.724787
  -61.438  -60.686  -31.874  -31.398  -31.113  -30.825  -30.739  -30.464   -6.301   -6.299
   -5.895   -5.893    5.353    5.466    5.955    6.141    7.220    7.306    7.847    7.880
    8.286    8.574    9.079    9.251   11.036   11.476   11.488   11.920   13.295   13.715
   14.686   14.904   16.657   16.685
            0.200000  0.000000  0.724787
  -61.438  -60.686  -31.874  -31.398  -31.112  -30.826  -30.739  -30.464   -6.294   -6.291
   -5.904   -5.902    5.382    5.466    5.959    6.181    7.195    7.287    7.841    7.864
    8.209    8.504    9.115    9.279   11.034   11.474   11.538   11.996   13.272   13.720
   14.736   14.945   16.582   16.608
            0.183333  0.000000  0.724787
  -61.438  -60.686  -31.874  -31.398  -31.112  -30.826  -30.739  -30.464   -6.286   -6.282
   -5.913   -5.911    5.410    5.465    5.965    6.225    7.169    7.268    7.835    7.849
    8.132    8.438    9.149    9.307   11.033   11.473   11.584   12.070   13.248   13.725
   14.789   14.989   16.506   16.531
            0.166667  0.000000  0.724787
  -61.438  -60.686  -31.874  -31.398  -31.112  -30.826  -30.739  -30.464   -6.278   -6.274
   -5.923   -5.920    5.436    5.463    5.975    6.272    7.142    7.249    7.825    7.835
    8.060    8.378    9.181    9.334   11.031   11.471   11.626   12.142   13.223   13.731
   14.844   15.035   16.429   16.452
            0.150000  0.000000  0.724787
  -61.438  -60.686  -31.874  -31.398  -31.112  -30.826  -30.739  -30.464   -6.270   -6.266
   -5.932   -5.928    5.459    5.460    5.988    6.324    7.114    7.228    7.809    7.822
    7.996    8.322    9.211    9.361   11.029   11.469   11.664   12.211   13.196   13.737
   14.901   15.083   16.351   16.373
            0.133333  0.000000  0.724787
  -61.438  -60.686  -31.874  -31.398  -31.112  -30.826  -30.739  -30.464   -6.262   -6.257
   -5.941   -5.937    5.456    5.479    6.004    6.379    7.085    7.206    7.782    7.810
    7.946    8.272    9.239    9.387   11.027   11.468   11.698   12.277   13.168   13.743
   14.960   15.134   16.273   16.293
            0.116667  0.000000  0.724787
  -61.438  -60.686  -31.874  -31.398  -31.112  -30.826  -30.739  -30.464   -6.255   -6.250
   -5.950   -5.945    5.452    5.497    6.023    6.436    7.055    7.182    7.741    7.799
    7.915    8.227    9.263    9.410   11.026   11.466   11.728   12.340   13.140   13.748
   15.019   15.187   16.196   16.215
            0.100000  0.000000  0.724787
  -61.438  -60.686  -31.874  -31.398  -31.112  -30.826  -30.739  -30.464   -6.248   -6.242
   -5.958   -5.952    5.449    5.511    6.044    6.496    7.026    7.154    7.691    7.789
    7.899    8.188    9.285    9.431   11.024   11.465   11.754   12.400   13.111   13.753
   15.080   15.242   16.119   16.138
            0.083333  0.000000  0.724787
  -61.438  -60.686  -31.874  -31.398  -31.112  -30.826  -30.739  -30.464   -6.242   -6.235
   -5.965   -5.959    5.445    5.522    6.065    6.558    6.997    7.122    7.642    7.781
    7.890    8.156    9.303    9.449   11.023   11.464   11.776   12.454   13.081   13.758
   15.140   15.298   16.043   16.063
            0.066667  0.000000  0.724787
  -61.438  -60.686  -31.874  -31.398  -31.112  -30.826  -30.739  -30.464   -6.237   -6.229
   -5.971   -5.965    5.442    5.530    6.086    6.622    6.971    7.084    7.597    7.775
    7.884    8.129    9.319    9.464   11.022   11.463   11.794   12.504   13.053   13.762
   15.199   15.356   15.970   15.992
            0.050000  0.000000  0.724787
  -61.438  -60.686  -31.874  -31.398  -31.112  -30.826  -30.739  -30.464   -6.232   -6.225
   -5.977   -5.969    5.440    5.537    6.105    6.686    6.949    7.041    7.561    7.769
    7.881    8.108    9.331    9.476   11.021   11.462   11.808   12.547   13.027   13.765
   15.253   15.413   15.900   15.928
            0.033333  0.000000  0.724787
  -61.438  -60.686  -31.874  -31.398  -31.112  -30.826  -30.739  -30.464   -6.229   -6.221
   -5.981   -5.973    5.438    5.541    6.120    6.751    6.931    6.991    7.535    7.766
    7.880    8.094    9.340    9.485   11.020   11.461   11.818   12.581   13.005   13.768
   15.300   15.468   15.836   15.874
            0.016667  0.000000  0.724787
  -61.438  -60.686  -31.874  -31.398  -31.112  -30.826  -30.739  -30.464   -6.227   -6.219
   -5.983   -5.975    5.437    5.543    6.130    6.815    6.920    6.936    7.519    7.764
    7.879    8.085    9.345    9.490   11.020   11.461   11.824   12.603   12.989   13.769
   15.334   15.513   15.785   15.837
            0.000000  0.000000  0.724787
  -61.438  -60.686  -31.874  -31.398  -31.112  -30.826  -30.739  -30.464   -6.226   -6.218
   -5.984   -5.976    5.436    5.544    6.133    6.872    6.882    6.916    7.514    7.763
    7.879    8.082    9.347    9.492   11.020   11.461   11.826   12.611   12.984   13.769
   15.346   15.532   15.764   15.823
            0.000000  0.000000  0.707530
  -61.438  -60.686  -31.874  -31.397  -31.112  -30.826  -30.739  -30.464   -6.245   -6.201
   -5.983   -5.975    5.434    5.546    6.133    6.865    6.868    6.933    7.498    7.768
    7.880    8.099    9.346    9.491   11.019   11.463   11.823   12.609   12.987   13.767
   15.347   15.529   15.765   15.829
            0.000000  0.000000  0.690273
  -61.438  -60.686  -31.874  -31.397  -31.112  -30.826  -30.738  -30.464   -6.269   -6.183
   -5.981   -5.973    5.428    5.549    6.132    6.839    6.856    6.960    7.456    7.784
    7.884    8.144    9.344    9.489   11.018   11.468   11.815   12.604   12.997   13.760
   15.352   15.520   15.767   15.844
            0.000000  0.000000  0.673016
  -61.438  -60.686  -31.874  -31.396  -31.113  -30.826  -30.737  -30.464   -6.296   -6.166
   -5.978   -5.970    5.418    5.555    6.130    6.811    6.838    6.989    7.396    7.808
    7.891    8.209    9.341    9.484   11.016   11.477   11.800   12.595   13.013   13.748
   15.360   15.506   15.770   15.868
            0.000000  0.000000  0.655760
  -61.438  -60.686  -31.874  -31.394  -31.113  -30.826  -30.736  -30.464   -6.324   -6.152
   -5.974   -5.966    5.405    5.561    6.128    6.784    6.814    7.020    7.325    7.842
    7.901    8.286    9.337    9.477   11.015   11.488   11.781   12.582   13.034   13.731
   15.370   15.489   15.775   15.900
            0.000000  0.000000  0.638503
  -61.438  -60.686  -31.874  -31.392  -31.113  -30.826  -30.734  -30.465   -6.354   -6.140
   -5.969   -5.961    5.389    5.566    6.125    6.757    6.785    7.052    7.249    7.882
    7.914    8.371    9.332    9.469   11.013   11.501   11.757   12.566   13.060   13.710
   15.384   15.468   15.782   15.938
            0.000000  0.000000  0.621246
  -61.438  -60.686  -31.874  -31.390  -31.114  -30.826  -30.731  -30.465   -6.385   -6.130
   -5.962   -5.954    5.371    5.570    6.121    6.733    6.753    7.086    7.170    7.929
    7.930    8.460    9.325    9.459   11.013   11.515   11.730   12.547   13.091   13.684
   15.401   15.446   15.790   15.983
            0.000000  0.000000  0.603989
  -61.439  -60.686  -31.875  -31.387  -31.114  -30.826  -30.728  -30.465   -6.418   -6.122
   -5.954   -5.947    5.351    5.571    6.117    6.712    6.719    7.090    7.123    7.948
    7.981    8.552    9.317    9.446   11.013   11.529   11.699   12.524   13.125   13.654
   15.418   15.423   15.800   16.033
            0.000000  0.000000  0.586732
  -61.439  -60.687  -31.875  -31.384  -31.115  -30.826  -30.725  -30.466   -6.452   -6.115
   -5.945   -5.938    5.328    5.568    6.112    6.682    6.695    7.009    7.162    7.970
    8.037    8.647    9.307    9.432   11.014   11.543   11.666   12.497   13.163   13.621
   15.394   15.443   15.812   16.088
            0.000000  0.000000  0.569475
  -61.439  -60.687  -31.875  -31.381  -31.116  -30.827  -30.721  -30.467   -6.488   -6.111
   -5.935   -5.929    5.302    5.561    6.107    6.645    6.683    6.929    7.205    7.994
    8.097    8.742    9.296    9.416   11.016   11.556   11.631   12.468   13.202   13.583
   15.365   15.467   15.826   16.149
            0.000000  0.000000  0.552219
  -61.439  -60.687  -31.875  -31.377  -31.116  -30.827  -30.718  -30.467   -6.524   -6.109
   -5.924   -5.918    5.274    5.549    6.101    6.607    6.679    6.850    7.251    8.021
    8.160    8.839    9.283    9.398   11.020   11.566   11.594   12.435   13.244   13.543
   15.334   15.495   15.842   16.214
            0.000000  0.000000  0.534962
  -61.439  -60.687  -31.876  -31.373  -31.117  -30.827  -30.713  -30.468   -6.562   -6.109
   -5.912   -5.907    5.244    5.530    6.096    6.569    6.682    6.772    7.301    8.050
    8.225    8.935    9.269    9.379   11.025   11.557   11.575   12.398   13.287   13.499
   15.300   15.525   15.860   16.284
            0.000000  0.000000  0.517705
  -61.440  -60.687  -31.876  -31.368  -31.118  -30.827  -30.709  -30.469   -6.600   -6.111
   -5.900   -5.894    5.211    5.504    6.090    6.531    6.693    6.695    7.355    8.083
    8.293    9.032    9.254    9.357   11.030   11.518   11.581   12.359   13.332   13.452
   15.265   15.557   15.881   16.358
            0.000000  0.000000  0.500448
  -61.440  -60.688  -31.876  -31.364  -31.119  -30.827  -30.704  -30.470   -6.639   -6.114
   -5.886   -5.881    5.176    5.472    6.083    6.494    6.620    6.713    7.413    8.118
    8.363    9.128    9.236    9.334   11.037   11.479   11.584   12.316   13.377   13.402
   15.226   15.592   15.904   16.436
            0.000000  0.000000  0.483191
  -61.440  -60.688  -31.877  -31.359  -31.120  -30.828  -30.698  -30.471   -6.678   -6.119
   -5.872   -5.867    5.139    5.434    6.077    6.458    6.547    6.742    7.475    8.155
    8.435    9.218    9.224    9.309   11.045   11.441   11.584   12.271   13.350   13.423
   15.186   15.629   15.930   16.517
            0.000000  0.000000  0.465934
  -61.440  -60.688  -31.877  -31.354  -31.121  -30.828  -30.693  -30.472   -6.718   -6.125
   -5.857   -5.853    5.100    5.390    6.071    6.422    6.475    6.779    7.542    8.195
    8.508    9.198    9.282    9.319   11.052   11.402   11.581   12.222   13.295   13.469
   15.143   15.669   15.958   16.602
            0.000000  0.000000  0.448678
  -61.441  -60.689  -31.877  -31.348  -31.122  -30.828  -30.687  -30.473   -6.758   -6.133
   -5.841   -5.837    5.060    5.341    6.064    6.387    6.406    6.823    7.612    8.237
    8.582    9.176    9.254    9.413   11.061   11.363   11.575   12.171   13.238   13.515
   15.097   15.711   15.990   16.689
            0.000000  0.000000  0.431421
  -61.441  -60.689  -31.878  -31.343  -31.123  -30.828  -30.682  -30.474   -6.798   -6.142
   -5.825   -5.822    5.018    5.288    6.058    6.337    6.356    6.875    7.687    8.281
    8.657    9.154    9.225    9.505   11.069   11.325   11.565   12.117   13.179   13.560
   15.049   15.755   16.023   16.778
            0.000000  0.000000  0.414164
  -61.441  -60.689  -31.878  -31.337  -31.124  -30.829  -30.676  -30.475   -6.838   -6.152
   -5.808   -5.806    4.975    5.233    6.052    6.272    6.323    6.932    7.765    8.327
    8.732    9.131    9.196    9.596   11.077   11.288   11.552   12.060   13.119   13.605
   14.998   15.801   16.060   16.868
            0.000000  0.000000  0.396907
  -61.442  -60.690  -31.879  -31.331  -31.125  -30.829  -30.670  -30.476   -6.878   -6.163
   -5.792   -5.789    4.932    5.175    6.046    6.209    6.293    6.996    7.847    8.375
    8.807    9.107    9.167    9.686   11.084   11.251   11.535   12.001   13.056   13.650
   14.946   15.849   16.099   16.959
            0.000000  0.000000  0.379650
  -61.442  -60.690  -31.879  -31.326  -31.126  -30.829  -30.664  -30.477   -6.917   -6.175
   -5.774   -5.773    4.888    5.115    6.041    6.149    6.264    7.064    7.932    8.424
    8.878    9.083    9.141    9.773   11.090   11.216   11.516   11.939   12.992   13.694
   14.891   15.899   16.141   17.051
            0.000000  0.000000  0.362393
  -61.442  -60.690  -31.879  -31.320  -31.128  -30.829  -30.657  -30.478   -6.955   -6.187
   -5.757   -5.756    4.844    5.055    6.036    6.090    6.236    7.136    8.020    8.473
    8.939    9.060    9.125    9.858   11.095   11.181   11.494   11.875   12.927   13.736
   14.834   15.951   16.185   17.142
            0.000000  0.000000  0.345137
  -61.443  -60.691  -31.880  -31.314  -31.129  -30.830  -30.651  -30.479   -6.993   -6.201
   -5.740   -5.739    4.801    4.995    6.031    6.035    6.210    7.212    8.111    8.521
    8.972    9.040    9.137    9.941   11.099   11.148   11.469   11.809   12.860   13.778
   14.776   16.004   16.231   17.233
            0.000000  0.000000  0.327880
  -61.443  -60.691  -31.880  -31.308  -31.130  -30.830  -30.645  -30.480   -7.030   -6.214
   -5.723   -5.722    4.757    4.935    5.980    6.027    6.185    7.290    8.205    8.567
    8.967    9.023    9.187   10.021   11.101   11.116   11.442   11.741   12.792   13.818
   14.716   16.059   16.279   17.323
            0.000000  0.000000  0.310623
  -61.443  -60.691  -31.881  -31.302  -31.131  -30.830  -30.639  -30.481   -7.066   -6.228
   -5.706   -5.705    4.715    4.876    5.929    6.023    6.162    7.372    8.301    8.608
    8.943    9.012    9.257   10.099   11.085   11.101   11.413   11.671   12.724   13.857
   14.655   16.115   16.330   17.411
            0.000000  0.000000  0.293366
  -61.444  -60.692  -31.881  -31.296  -31.132  -30.830  -30.633  -30.482   -7.101   -6.242
   -5.690   -5.688    4.673    4.818    5.881    6.020    6.141    7.454    8.399    8.640
    8.912    9.013    9.333   10.173   11.056   11.097   11.383   11.598   12.654   13.895
   14.594   16.171   16.381   17.496
            0.000000  0.000000  0.276109
  -61.444  -60.692  -31.881  -31.291  -31.133  -30.831  -30.627  -30.483   -7.135   -6.256
   -5.674   -5.672    4.633    4.763    5.835    6.017    6.121    7.538    8.499    8.660
    8.878    9.026    9.412   10.245   11.028   11.090   11.352   11.525   12.584   13.931
   14.532   16.229   16.434   17.579
            0.000000  0.000000  0.258852
  -61.444  -60.692  -31.882  -31.285  -31.134  -30.831  -30.621  -30.484   -7.167   -6.270
   -5.658   -5.655    4.594    4.709    5.791    6.015    6.103    7.622    8.600    8.667
    8.843    9.056    9.493   10.313   11.002   11.078   11.321   11.449   12.513   13.965
   14.471   16.286   16.488   17.659
            0.000000  0.000000  0.241596
  -61.445  -60.693  -31.882  -31.280  -31.135  -30.831  -30.616  -30.485   -7.198   -6.284
   -5.643   -5.640    4.556    4.657    5.751    6.013    6.086    7.707    8.662    8.702
    8.809    9.099    9.574   10.377   10.978   11.060   11.292   11.373   12.442   13.997
   14.410   16.343   16.542   17.735
            0.000000  0.000000  0.224339
  -61.445  -60.693  -31.883  -31.275  -31.136  -30.831  -30.611  -30.486   -7.227   -6.297
   -5.628   -5.625    4.521    4.608    5.713    6.012    6.070    7.790    8.648    8.775
    8.805    9.153    9.654   10.437   10.956   11.035   11.266   11.294   12.371   14.028
   14.350   16.400   16.595   17.807
            0.000000  0.000000  0.207082
  -61.445  -60.693  -31.883  -31.270  -31.137  -30.832  -30.606  -30.486   -7.254   -6.310
   -5.615   -5.610    4.487    4.562    5.678    6.011    6.057    7.872    8.630    8.741
    8.909    9.214    9.734   10.493   10.935   11.002   11.215   11.243   12.301   14.056
   14.292   16.455   16.649   17.875
            0.000000  0.000000  0.189825
  -61.445  -60.693  -31.883  -31.266  -31.138  -30.832  -30.601  -30.487   -7.280   -6.322
   -5.602   -5.597    4.455    4.519    5.645    6.011    6.044    7.952    8.609    8.710
    9.012    9.281    9.813   10.544   10.917   10.963   11.135   11.223   12.231   14.083
   14.236   16.509   16.701   17.939
            0.000000  0.000000  0.172568
  -61.446  -60.694  -31.883  -31.262  -31.139  -30.832  -30.596  -30.488   -7.304   -6.334
   -5.589   -5.584    4.426    4.479    5.615    6.011    6.033    8.029    8.587    8.679
    9.115    9.351    9.890   10.591   10.901   10.917   11.053   11.205   12.162   14.108
   14.182   16.561   16.751   17.997
            0.000000  0.000000  0.155311
  -61.446  -60.694  -31.884  -31.258  -31.140  -30.832  -30.592  -30.489   -7.325   -6.345
   -5.578   -5.573    4.399    4.443    5.588    6.011    6.023    8.102    8.565    8.651
    9.217    9.425    9.965   10.631   10.865   10.889   10.971   11.190   12.094   14.129
   14.133   16.611   16.800   18.050
            0.000000  0.000000  0.138055
  -61.446  -60.694  -31.884  -31.254  -31.140  -30.832  -30.589  -30.489   -7.345   -6.355
   -5.568   -5.562    4.375    4.410    5.564    6.011    6.014    8.170    8.544    8.625
    9.318    9.501   10.037   10.666   10.809   10.879   10.889   11.176   12.029   14.085
   14.150   16.657   16.845   18.098
            0.000000  0.000000  0.120798
  -61.446  -60.694  -31.884  -31.251  -31.141  -30.833  -30.585  -30.490   -7.363   -6.363
   -5.559   -5.552    4.353    4.381    5.543    6.006    6.012    8.233    8.524    8.602
    9.417    9.578   10.106   10.694   10.750   10.806   10.874   11.164   11.967   14.043
   14.168   16.700   16.887   18.139
            0.000000  0.000000  0.103541
  -61.446  -60.695  -31.884  -31.248  -31.141  -30.833  -30.582  -30.490   -7.378   -6.371
   -5.550   -5.544    4.334    4.355    5.524    6.000    6.013    8.290    8.505    8.581
    9.513    9.656   10.170   10.687   10.714   10.724   10.874   11.152   11.908   14.005
   14.184   16.738   16.925   18.175
            0.000000  0.000000  0.086284
  -61.447  -60.695  -31.885  -31.246  -31.142  -30.833  -30.580  -30.491   -7.391   -6.378
   -5.543   -5.537    4.318    4.333    5.508    5.995    6.013    8.340    8.490    8.563
    9.606    9.735   10.228   10.624   10.640   10.729   10.877   11.142   11.855   13.972
   14.197   16.772   16.958   18.203
            0.000000  0.000000  0.069027
  -61.447  -60.695  -31.885  -31.244  -31.142  -30.833  -30.578  -30.491   -7.402   -6.384
   -5.538   -5.531    4.305    4.315    5.495    5.991    6.014    8.382    8.476    8.548
    9.693    9.813   10.278   10.559   10.560   10.737   10.883   11.133   11.808   13.945
   14.208   16.800   16.986   18.225
            0.000000  0.000000  0.051770
  -61.447  -60.695  -31.885  -31.242  -31.143  -30.833  -30.576  -30.491   -7.410   -6.388
   -5.533   -5.526    4.294    4.301    5.485    5.987    6.014    8.416    8.466    8.536
    9.773    9.888   10.320   10.481   10.499   10.741   10.890   11.125   11.769   13.924
   14.217   16.822   17.009   18.239
            0.000000  0.000000  0.034514
  -61.447  -60.695  -31.885  -31.241  -31.143  -30.833  -30.575  -30.492   -7.416   -6.391
   -5.530   -5.523    4.286    4.292    5.478    5.985    6.015    8.440    8.458    8.527
    9.840    9.959   10.351   10.410   10.445   10.742   10.896   11.120   11.740   13.908
   14.223   16.839   17.025   18.248
            0.000000  0.000000  0.017257
  -61.447  -60.695  -31.885  -31.241  -31.143  -30.833  -30.574  -30.492   -7.420   -6.393
   -5.528   -5.521    4.281    4.286    5.474    5.984    6.015    8.453    8.455    8.522
    9.887   10.015   10.352   10.370   10.407   10.743   10.900   11.117   11.722   13.899
   14.226   16.849   17.035   18.251
            0.000000  0.000000  0.000000
  -61.447  -60.695  -31.885  -31.240  -31.143  -30.833  -30.574  -30.492   -7.421   -6.394
   -5.527   -5.520    4.280    4.284    5.472    5.983    6.015    8.452    8.460    8.520
    9.905   10.039   10.329   10.374   10.394   10.743   10.902   11.115   11.715   13.895
   14.228   16.852   17.038   18.252
            0.011905  0.011905  0.000000
  -61.447  -60.695  -31.885  -31.240  -31.143  -30.833  -30.574  -30.492   -7.420   -6.394
   -5.529   -5.520    4.283    4.285    5.474    5.983    6.016    8.444    8.457    8.520
    9.869   10.078   10.308   10.365   10.403   10.755   10.901   11.124   11.715   13.900
   14.226   16.852   17.036   18.250
            0.023810  0.023810  0.000000
  -61.447  -60.695  -31.885  -31.240  -31.143  -30.833  -30.574  -30.492   -7.417   -6.393
   -5.534   -5.521    4.284    4.297    5.480    5.983    6.020    8.423    8.448    8.519
    9.805   10.152   10.265   10.337   10.420   10.787   10.899   11.147   11.715   13.912
   14.221   16.852   17.029   18.244
            0.035714  0.035714  0.000000
  -61.447  -60.695  -31.885  -31.240  -31.143  -30.833  -30.574  -30.492   -7.412   -6.392
   -5.543   -5.522    4.284    4.319    5.489    5.982    6.025    8.388    8.432    8.517
    9.740   10.211   10.235   10.296   10.435   10.829   10.897   11.183   11.716   13.932
   14.213   16.852   17.018   18.234
            0.047619  0.047619  0.000000
  -61.447  -60.695  -31.885  -31.240  -31.143  -30.833  -30.574  -30.492   -7.405   -6.390
   -5.554   -5.523    4.284    4.349    5.501    5.981    6.033    8.340    8.411    8.515
    9.678   10.149   10.249   10.322   10.447   10.860   10.913   11.228   11.716   13.959
   14.202   16.852   17.003   18.218
            0.059524  0.059524  0.000000
  -61.447  -60.695  -31.885  -31.240  -31.143  -30.833  -30.574  -30.492   -7.396   -6.388
   -5.569   -5.525    4.285    4.387    5.517    5.980    6.043    8.279    8.384    8.511
    9.621   10.083   10.198   10.410   10.457   10.860   10.963   11.278   11.716   13.994
   14.188   16.851   16.984   18.198
            0.071429  0.071429  0.000000
  -61.447  -60.695  -31.885  -31.240  -31.143  -30.833  -30.574  -30.492   -7.385   -6.385
   -5.587   -5.527    4.285    4.433    5.537    5.979    6.055    8.207    8.352    8.507
    9.570   10.013   10.146   10.466   10.498   10.850   11.025   11.330   11.717   14.035
   14.172   16.851   16.961   18.173
            0.083333  0.083333  0.000000
  -61.447  -60.695  -31.885  -31.240  -31.143  -30.833  -30.574  -30.492   -7.372   -6.382
   -5.607   -5.529    4.285    4.487    5.560    5.978    6.068    8.125    8.316    8.503
    9.524    9.942   10.093   10.474   10.585   10.835   11.091   11.383   11.717   14.081
   14.153   16.851   16.935   18.143
            0.095238  0.095238  0.000000
  -61.447  -60.695  -31.885  -31.240  -31.143  -30.833  -30.574  -30.492   -7.358   -6.379
   -5.630   -5.532    4.286    4.548    5.587    5.976    6.084    8.034    8.276    8.498
    9.483    9.870   10.041   10.481   10.671   10.817   11.160   11.435   11.718   14.131
   14.134   16.851   16.907   18.108
            0.107143  0.107143  0.000000
  -61.447  -60.695  -31.885  -31.240  -31.143  -30.833  -30.574  -30.492   -7.342   -6.376
   -5.654   -5.535    4.286    4.615    5.617    5.974    6.100    7.936    8.233    8.492
    9.448    9.798    9.989   10.488   10.755   10.797   11.230   11.484   11.719   14.109
   14.190   16.850   16.877   18.069
            0.119048  0.119048  0.000000
  -61.447  -60.695  -31.885  -31.240  -31.143  -30.833  -30.574  -30.492   -7.324   -6.373
   -5.680   -5.539    4.287    4.689    5.650    5.972    6.117    7.831    8.189    8.486
    9.418    9.728    9.937   10.494   10.774   10.836   11.301   11.530   11.719   14.085
   14.250   16.845   16.850   18.024
            0.130952  0.130952  0.000000
  -61.447  -60.695  -31.885  -31.240  -31.143  -30.833  -30.574  -30.492   -7.306   -6.370
   -5.708   -5.543    4.287    4.767    5.687    5.970    6.135    7.723    8.144    8.479
    9.392    9.658    9.886   10.499   10.749   10.912   11.372   11.573   11.720   14.059
   14.313   16.813   16.850   17.975
            0.142857  0.142857  0.000000
  -61.447  -60.695  -31.885  -31.240  -31.143  -30.833  -30.574  -30.492   -7.286   -6.367
   -5.736   -5.547    4.288    4.850    5.726    5.968    6.153    7.611    8.101    8.472
    9.370    9.590    9.836   10.504   10.721   10.984   11.444   11.610   11.721   14.032
   14.379   16.781   16.849   17.921
            0.154762  0.154762  0.000000
  -61.447  -60.695  -31.885  -31.240  -31.143  -30.833  -30.574  -30.492   -7.265   -6.365
   -5.764   -5.551    4.288    4.935    5.769    5.965    6.170    7.499    8.059    8.465
    9.351    9.524    9.787   10.508   10.691   11.051   11.516   11.644   11.722   14.005
   14.447   16.750   16.849   17.862
            0.166667  0.166667  0.000000
  -61.447  -60.695  -31.885  -31.240  -31.143  -30.833  -30.574  -30.493   -7.242   -6.364
   -5.791   -5.555    4.289    5.022    5.815    5.963    6.187    7.388    8.020    8.457
    9.335    9.460    9.738   10.512   10.659   11.112   11.588   11.672   11.723   13.978
   14.517   16.720   16.848   17.799
            0.178571  0.178571  0.000000
  -61.447  -60.695  -31.885  -31.240  -31.143  -30.833  -30.574  -30.493   -7.220   -6.364
   -5.817   -5.560    4.289    5.109    5.864    5.960    6.202    7.280    7.986    8.449
    9.322    9.398    9.690   10.515   10.625   11.165   11.660   11.695   11.724   13.951
   14.587   16.692   16.848   17.732
            0.190476  0.190476  0.000000
  -61.447  -60.695  -31.885  -31.240  -31.143  -30.833  -30.574  -30.493   -7.196   -6.366
   -5.842   -5.565    4.290    5.193    5.916    5.957    6.215    7.179    7.957    8.441
    9.311    9.339    9.643   10.518   10.588   11.212   11.713   11.725   11.731   13.924
   14.658   16.668   16.847   17.660
            0.202381  0.202381  0.000000
  -61.447  -60.695  -31.885  -31.240  -31.144  -30.833  -30.574  -30.493   -7.172   -6.370
   -5.863   -5.569    4.291    5.270    5.954    5.971    6.226    7.089    7.934    8.433
    9.282    9.302    9.596   10.519   10.550   11.250   11.725   11.726   11.801   13.899
   14.730   16.647   16.847   17.584
            0.214286  0.214286  0.000000
  -61.447  -60.695  -31.885  -31.240  -31.144  -30.833  -30.574  -30.493   -7.148   -6.378
   -5.881   -5.574    4.291    5.338    5.951    6.028    6.233    7.012    7.919    8.424
    9.228    9.294    9.549   10.508   10.523   11.279   11.727   11.733   11.869   13.874
   14.801   16.629   16.846   17.504
            0.226190  0.226190  0.000000
  -61.447  -60.695  -31.885  -31.240  -31.144  -30.833  -30.574  -30.493   -7.124   -6.388
   -5.895   -5.579    4.292    5.390    5.948    6.088    6.237    6.956    7.911    8.416
    9.176    9.287    9.503   10.467   10.523   11.300   11.728   11.735   11.937   13.850
   14.871   16.617   16.845   17.421
            0.238095  0.238095  0.000000
  -61.447  -60.695  -31.885  -31.240  -31.144  -30.833  -30.574  -30.493   -7.100   -6.402
   -5.904   -5.585    4.292    5.421    5.945    6.150    6.237    6.924    7.912    8.408
    9.128    9.282    9.457   10.425   10.524   11.311   11.730   11.732   12.003   13.829
   14.941   16.609   16.845   17.334
            0.250000  0.250000  0.000000
  -61.447  -60.695  -31.885  -31.240  -31.144  -30.833  -30.574  -30.493   -7.076   -6.420
   -5.909   -5.590    4.293    5.430    5.942    6.215    6.234    6.920    7.921    8.399
    9.084    9.277    9.410   10.381   10.524   11.313   11.723   11.731   12.066   13.809
   15.010   16.606   16.844   17.244
            0.261905  0.261905  0.000000
  -61.447  -60.695  -31.885  -31.240  -31.144  -30.833  -30.574  -30.493   -7.053   -6.440
   -5.909   -5.595    4.293    5.414    5.939    6.226    6.282    6.945    7.939    8.391
    9.043    9.274    9.363   10.336   10.524   11.305   11.710   11.732   12.128   13.791
   15.077   16.609   16.844   17.152
            0.273810  0.273810  0.000000
  -61.447  -60.695  -31.885  -31.240  -31.144  -30.833  -30.574  -30.493   -7.031   -6.463
   -5.906   -5.600    4.294    5.376    5.936    6.215    6.351    6.996    7.966    8.383
    9.006    9.271    9.316   10.290   10.523   11.288   11.691   11.733   12.187   13.775
   15.142   16.616   16.843   17.058
            0.285714  0.285714  0.000000
  -61.447  -60.695  -31.885  -31.240  -31.144  -30.833  -30.574  -30.493   -7.009   -6.488
   -5.898   -5.605    4.294    5.320    5.933    6.201    6.422    7.068    8.001    8.375
    8.973    9.268    9.269   10.245   10.522   11.261   11.668   11.735   12.243   13.761
   15.205   16.628   16.843   16.963
            0.297619  0.297619  0.000000
  -61.447  -60.695  -31.885  -31.240  -31.144  -30.833  -30.574  -30.493   -6.988   -6.514
   -5.887   -5.610    4.294    5.251    5.930    6.183    6.495    7.157    8.044    8.367
    8.946    9.219    9.267   10.199   10.521   11.225   11.639   11.736   12.297   13.750
   15.266   16.645   16.842   16.866
            0.309524  0.309524  0.000000
  -61.447  -60.695  -31.885  -31.240  -31.144  -30.833  -30.574  -30.493   -6.967   -6.541
   -5.874   -5.614    4.295    5.173    5.927    6.164    6.569    7.258    8.094    8.360
    8.925    9.169    9.266   10.155   10.520   11.181   11.606   11.737   12.347   13.742
   15.324   16.666   16.770   16.842
            0.321429  0.321429  0.000000
  -61.447  -60.695  -31.885  -31.240  -31.144  -30.833  -30.574  -30.493   -6.948   -6.569
   -5.859   -5.619    4.295    5.091    5.924    6.144    6.645    7.364    8.151    8.353
    8.910    9.117    9.264   10.111   10.518   11.129   11.567   11.738   12.394   13.735
   15.380   16.674   16.690   16.841
            0.333333  0.333333  0.000000
  -61.447  -60.695  -31.885  -31.240  -31.144  -30.833  -30.574  -30.493   -6.930   -6.596
   -5.842   -5.623    4.295    5.006    5.922    6.122    6.722    7.473    8.214    8.346
    8.904    9.065    9.264   10.068   10.516   11.070   11.524   11.739   12.438   13.731
   15.432   16.579   16.717   16.841
            0.345238  0.345238  0.000000
  -61.447  -60.695  -31.885  -31.240  -31.144  -30.833  -30.574  -30.493   -6.914   -6.623
   -5.825   -5.628    4.296    4.922    5.919    6.099    6.800    7.580    8.282    8.339
    8.908    9.010    9.263   10.027   10.514   11.004   11.476   11.740   12.478   13.730
   15.481   16.486   16.746   16.840
            0.357143  0.357143  0.000000
  -61.447  -60.695  -31.885  -31.240  -31.144  -30.833  -30.574  -30.493   -6.898   -6.649
   -5.806   -5.632    4.296    4.839    5.917    6.077    6.879    7.682    8.332    8.355
    8.923    8.955    9.263    9.989   10.511   10.932   11.423   11.741   12.515   13.730
   15.527   16.396   16.776   16.840
            0.369048  0.369048  0.000000
  -61.447  -60.695  -31.885  -31.240  -31.144  -30.833  -30.574  -30.493   -6.884   -6.673
   -5.788   -5.635    4.296    4.760    5.914    6.055    6.958    7.775    8.325    8.432
    8.897    8.952    9.263    9.952   10.509   10.855   11.365   11.742   12.547   13.732
   15.569   16.311   16.808   16.839
            0.380952  0.380952  0.000000
  -61.447  -60.695  -31.886  -31.240  -31.145  -30.833  -30.574  -30.493   -6.871   -6.696
   -5.770   -5.639    4.296    4.685    5.912    6.034    7.038    7.857    8.319    8.512
    8.839    8.995    9.263    9.918   10.506   10.774   11.302   11.743   12.577   13.735
   15.607   16.230   16.838   16.840
            0.392857  0.392857  0.000000
  -61.447  -60.695  -31.886  -31.240  -31.145  -30.833  -30.574  -30.493   -6.859   -6.718
   -5.752   -5.642    4.296    4.615    5.910    6.014    7.118    7.926    8.312    8.595
    8.780    9.053    9.263    9.887   10.502   10.689   11.236   11.744   12.603   13.740
   15.641   16.155   16.838   16.870
            0.404762  0.404762  0.000000
  -61.447  -60.695  -31.886  -31.240  -31.145  -30.833  -30.574  -30.493   -6.848   -6.737
   -5.735   -5.645    4.296    4.550    5.908    5.995    7.197    7.981    8.304    8.680
    8.720    9.126    9.263    9.859   10.498   10.603   11.165   11.745   12.626   13.745
   15.669   16.087   16.838   16.899
            0.416667  0.416667  0.000000
  -61.447  -60.695  -31.886  -31.240  -31.145  -30.833  -30.574  -30.492   -6.839   -6.755
   -5.720   -5.648    4.296    4.492    5.907    5.979    7.275    8.023    8.296    8.662
    8.765    9.210    9.263    9.834   10.494   10.515   11.092   11.746   12.645   13.751
   15.692   16.028   16.838   16.926
            0.428571  0.428571  0.000000
  -61.447  -60.695  -31.886  -31.240  -31.145  -30.833  -30.574  -30.492   -6.831   -6.770
   -5.705   -5.650    4.296    4.442    5.905    5.964    7.350    8.055    8.286    8.606
    8.849    9.263    9.302    9.812   10.428   10.488   11.018   11.746   12.662   13.756
   15.708   15.979   16.838   16.951
            0.440476  0.440476  0.000000
  -61.447  -60.695  -31.886  -31.240  -31.145  -30.833  -30.574  -30.492   -6.825   -6.784
   -5.693   -5.652    4.295    4.398    5.904    5.951    7.423    8.078    8.273    8.554
    8.931    9.263    9.399    9.794   10.344   10.481   10.944   11.747   12.675   13.762
   15.717   15.941   16.837   16.973
            0.452381  0.452381  0.000000
  -61.447  -60.695  -31.886  -31.240  -31.145  -30.833  -30.574  -30.492   -6.819   -6.795
   -5.683   -5.654    4.294    4.363    5.903    5.940    7.490    8.094    8.257    8.509
    9.008    9.264    9.494    9.779   10.264   10.472   10.874   11.747   12.686   13.767
   15.718   15.916   16.837   16.992
            0.464286  0.464286  0.000000
  -61.447  -60.695  -31.886  -31.240  -31.145  -30.833  -30.574  -30.492   -6.815   -6.803
   -5.675   -5.655    4.291    4.337    5.902    5.931    7.550    8.105    8.237    8.474
    9.077    9.264    9.582    9.767   10.193   10.459   10.813   11.748   12.695   13.771
   15.712   15.902   16.837   17.007
            0.476190  0.476190  0.000000
  -61.447  -60.695  -31.886  -31.240  -31.145  -30.833  -30.574  -30.492   -6.812   -6.809
   -5.669   -5.656    4.287    4.321    5.902    5.925    7.599    8.112    8.217    8.449
    9.133    9.264    9.656    9.759   10.136   10.445   10.764   11.748   12.701   13.774
   15.705   15.896   16.837   17.018
            0.488095  0.488095  0.000000
  -61.447  -60.695  -31.886  -31.240  -31.145  -30.833  -30.574  -30.492   -6.813   -6.810
   -5.665   -5.656    4.282    4.313    5.901    5.922    7.632    8.116    8.201    8.435
    9.170    9.264    9.707    9.754   10.097   10.432   10.734   11.748   12.704   13.776
   15.699   15.893   16.837   17.024
            0.500000  0.500000  0.000000
  -61.447  -60.695  -31.886  -31.240  -31.145  -30.833  -30.574  -30.492   -6.814   -6.809
   -5.664   -5.656    4.280    4.312    5.901    5.920    7.643    8.117    8.194    8.430
    9.183    9.264    9.725    9.752   10.084   10.427   10.723   11.748   12.705   13.777
   15.697   15.893   16.837   17.026
            0.500000  0.500000  0.017257
  -61.447  -60.695  -31.886  -31.240  -31.145  -30.833  -30.574  -30.492   -6.814   -6.808
   -5.664   -5.657    4.281    4.313    5.900    5.919    7.644    8.120    8.197    8.431
    9.176    9.256    9.712    9.748   10.097   10.433   10.728   11.751   12.704   13.775
   15.698   15.894   16.834   17.023
            0.500000  0.500000  0.034514
  -61.447  -60.695  -31.886  -31.241  -31.145  -30.833  -30.575  -30.492   -6.811   -6.805
   -5.666   -5.659    4.287    4.318    5.898    5.914    7.647    8.129    8.206    8.434
    9.156    9.230    9.679    9.738   10.132   10.450   10.741   11.761   12.700   13.771
   15.702   15.898   16.824   17.015
            0.500000  0.500000  0.051770
  -61.447  -60.695  -31.886  -31.242  -31.144  -30.833  -30.576  -30.492   -6.806   -6.801
   -5.669   -5.662    4.295    4.327    5.894    5.906    7.652    8.145    8.221    8.438
    9.122    9.190    9.632    9.722   10.181   10.476   10.761   11.777   12.692   13.763
   15.708   15.904   16.809   17.000
            0.500000  0.500000  0.069027
  -61.447  -60.695  -31.886  -31.244  -31.144  -30.833  -30.578  -30.492   -6.799   -6.794
   -5.673   -5.666    4.307    4.339    5.888    5.895    7.658    8.166    8.242    8.445
    9.076    9.137    9.579    9.699   10.237   10.510   10.789   11.798   12.682   13.753
   15.717   15.913   16.787   16.980
            0.500000  0.500000  0.086284
  -61.447  -60.695  -31.886  -31.246  -31.144  -30.833  -30.580  -30.491   -6.791   -6.786
   -5.679   -5.671    4.322    4.355    5.880    5.884    7.667    8.193    8.268    8.453
    9.020    9.072    9.523    9.671   10.298   10.550   10.821   11.825   12.669   13.739
   15.728   15.924   16.760   16.954
            0.500000  0.500000  0.103541
  -61.446  -60.695  -31.885  -31.248  -31.143  -30.833  -30.582  -30.491   -6.781   -6.775
   -5.685   -5.678    4.341    4.374    5.865    5.875    7.677    8.224    8.299    8.462
    8.956    8.999    9.466    9.638   10.361   10.593   10.857   11.857   12.653   13.723
   15.741   15.938   16.728   16.924
            0.500000  0.500000  0.120798
  -61.446  -60.694  -31.885  -31.251  -31.143  -30.832  -30.585  -30.490   -6.769   -6.763
   -5.692   -5.686    4.362    4.396    5.847    5.867    7.689    8.258    8.334    8.474
    8.883    8.919    9.410    9.601   10.425   10.638   10.897   11.892   12.635   13.704
   15.755   15.953   16.691   16.889
            0.500000  0.500000  0.138055
  -61.446  -60.694  -31.885  -31.254  -31.142  -30.832  -30.589  -30.490   -6.755   -6.750
   -5.701   -5.695    4.387    4.421    5.828    5.858    7.703    8.296    8.373    8.487
    8.805    8.834    9.355    9.560   10.490   10.683   10.938   11.932   12.613   13.682
   15.772   15.970   16.649   16.850
            0.500000  0.500000  0.155311
  -61.446  -60.694  -31.885  -31.258  -31.141  -30.832  -30.592  -30.489   -6.740   -6.734
   -5.710   -5.704    4.415    4.450    5.807    5.849    7.718    8.335    8.415    8.501
    8.721    8.745    9.303    9.518   10.554   10.729   10.980   11.975   12.590   13.658
   15.789   15.988   16.603   16.807
            0.500000  0.500000  0.172568
  -61.446  -60.694  -31.885  -31.261  -31.141  -30.832  -30.596  -30.489   -6.723   -6.718
   -5.721   -5.715    4.446    4.481    5.785    5.840    7.735    8.374    8.459    8.517
    8.633    8.652    9.256    9.475   10.619   10.773   11.022   12.020   12.563   13.631
   15.808   16.008   16.554   16.762
            0.500000  0.500000  0.189825
  -61.445  -60.693  -31.884  -31.266  -31.140  -30.832  -30.601  -30.488   -6.705   -6.699
   -5.732   -5.727    4.480    4.516    5.763    5.832    7.754    8.412    8.503    8.535
    8.541    8.558    9.214    9.431   10.683   10.815   11.063   12.067   12.535   13.601
   15.827   16.028   16.502   16.713
            0.500000  0.500000  0.207082
  -61.445  -60.693  -31.884  -31.270  -31.139  -30.832  -30.606  -30.487   -6.686   -6.680
   -5.744   -5.739    4.516    4.553    5.740    5.823    7.775    8.445    8.446    8.462
    8.547    8.555    9.180    9.389   10.746   10.856   11.104   12.116   12.504   13.569
   15.847   16.049   16.448   16.663
            0.500000  0.500000  0.224339
  -61.445  -60.693  -31.884  -31.275  -31.138  -30.832  -30.611  -30.486   -6.665   -6.659
   -5.757   -5.752    4.555    4.594    5.717    5.816    7.797    8.349    8.365    8.472
    8.575    8.587    9.155    9.351   10.808   10.894   11.143   12.166   12.471   13.535
   15.867   16.070   16.392   16.612
            0.500000  0.500000  0.241596
  -61.445  -60.693  -31.883  -31.280  -31.137  -30.831  -30.616  -30.485   -6.643   -6.637
   -5.770   -5.766    4.597    4.637    5.695    5.809    7.820    8.251    8.268    8.491
    8.597    8.623    9.143    9.320   10.870   10.930   11.181   12.217   12.436   13.499
   15.887   16.091   16.334   16.559
            0.500000  0.500000  0.258852
  -61.444  -60.692  -31.883  -31.285  -31.136  -30.831  -30.621  -30.484   -6.620   -6.614
   -5.784   -5.780    4.641    4.682    5.672    5.803    7.845    8.152    8.171    8.498
    8.620    8.649    9.144    9.298   10.930   10.963   11.216   12.269   12.399   13.461
   15.906   16.112   16.275   16.506
            0.500000  0.500000  0.276109
  -61.444  -60.692  -31.882  -31.291  -31.135  -30.831  -30.627  -30.483   -6.596   -6.590
   -5.798   -5.795    4.687    4.730    5.650    5.798    7.872    8.052    8.074    8.494
    8.645    8.664    9.159    9.288   10.988   10.993   11.250   12.320   12.360   13.421
   15.924   16.132   16.216   16.453
            0.500000  0.500000  0.293366
  -61.444  -60.692  -31.882  -31.296  -31.134  -30.831  -30.633  -30.482   -6.571   -6.565
   -5.813   -5.810    4.735    4.780    5.628    5.794    7.899    7.954    7.978    8.480
    8.664    8.670    9.186    9.293   11.020   11.047   11.282   12.320   12.372   13.380
   15.942   16.151   16.156   16.400
            0.500000  0.500000  0.310623
  -61.443  -60.691  -31.882  -31.302  -31.132  -30.830  -30.639  -30.481   -6.546   -6.540
   -5.828   -5.826    4.785    4.831    5.608    5.792    7.856    7.882    7.928    8.458
    8.651    8.697    9.223    9.312   11.044   11.103   11.312   12.278   12.424   13.337
   15.958   16.097   16.170   16.348
            0.500000  0.500000  0.327880
  -61.443  -60.691  -31.881  -31.308  -31.131  -30.830  -30.645  -30.480   -6.520   -6.514
   -5.844   -5.841    4.836    4.885    5.587    5.791    7.759    7.787    7.958    8.430
    8.625    8.724    9.267    9.345   11.065   11.157   11.340   12.236   12.475   13.293
   15.973   16.038   16.187   16.297
            0.500000  0.500000  0.345137
  -61.443  -60.691  -31.881  -31.314  -31.130  -30.830  -30.651  -30.479   -6.494   -6.487
   -5.859   -5.857    4.889    4.940    5.568    5.791    7.664    7.694    7.989    8.398
    8.590    8.752    9.317    9.387   11.084   11.210   11.365   12.192   12.525   13.248
   15.980   15.987   16.203   16.247
            0.500000  0.500000  0.362393
  -61.442  -60.690  -31.880  -31.319  -31.129  -30.830  -30.657  -30.478   -6.468   -6.461
   -5.875   -5.873    4.942    4.996    5.550    5.792    7.571    7.603    8.020    8.364
    8.548    8.781    9.369    9.436   11.099   11.262   11.388   12.147   12.575   13.203
   15.924   15.998   16.199   16.217
            0.500000  0.500000  0.379650
  -61.442  -60.690  -31.880  -31.325  -31.128  -30.829  -30.663  -30.477   -6.441   -6.434
   -5.891   -5.888    4.997    5.053    5.533    5.795    7.480    7.514    8.052    8.329
    8.501    8.810    9.424    9.489   11.112   11.312   11.409   12.102   12.623   13.156
   15.869   16.008   16.153   16.231
            0.500000  0.500000  0.396907
  -61.442  -60.690  -31.879  -31.331  -31.127  -30.829  -30.670  -30.476   -6.415   -6.407
   -5.907   -5.904    5.052    5.111    5.516    5.799    7.392    7.427    8.085    8.293
    8.451    8.840    9.479    9.545   11.122   11.360   11.428   12.057   12.670   13.109
   15.816   16.017   16.109   16.242
            0.500000  0.500000  0.414164
  -61.441  -60.689  -31.879  -31.337  -31.125  -30.829  -30.676  -30.475   -6.389   -6.381
   -5.922   -5.919    5.108    5.169    5.501    5.804    7.306    7.343    8.118    8.258
    8.400    8.869    9.533    9.603   11.129   11.406   11.445   12.011   12.716   13.063
   15.766   16.024   16.067   16.252
            0.500000  0.500000  0.431421
  -61.441  -60.689  -31.879  -31.343  -31.124  -30.829  -30.682  -30.474   -6.363   -6.355
   -5.938   -5.934    5.163    5.228    5.486    5.810    7.223    7.261    8.152    8.223
    8.348    8.899    9.587    9.660   11.134   11.450   11.459   11.966   12.760   13.016
   15.717   16.028   16.029   16.261
            0.500000  0.500000  0.448678
  -61.441  -60.689  -31.878  -31.348  -31.123  -30.829  -30.687  -30.473   -6.337   -6.329
   -5.953   -5.948    5.219    5.286    5.473    5.817    7.143    7.183    8.185    8.190
    8.296    8.929    9.639    9.717   11.137   11.472   11.493   11.921   12.802   12.969
   15.671   15.991   16.033   16.268
            0.500000  0.500000  0.465934
  -61.440  -60.688  -31.878  -31.353  -31.122  -30.828  -30.693  -30.472   -6.313   -6.305
   -5.967   -5.962    5.273    5.343    5.460    5.825    7.067    7.109    8.157    8.219
    8.245    8.958    9.689    9.773   11.138   11.483   11.533   11.877   12.843   12.924
   15.627   15.957   16.035   16.274
            0.500000  0.500000  0.483191
  -61.440  -60.688  -31.877  -31.359  -31.121  -30.828  -30.698  -30.471   -6.289   -6.280
   -5.981   -5.976    5.327    5.399    5.449    5.834    6.995    7.038    8.127    8.195
    8.252    8.987    9.737    9.827   11.137   11.492   11.572   11.834   12.878   12.883
   15.587   15.925   16.037   16.279
            0.500000  0.500000  0.500448
  -61.440  -60.688  -31.877  -31.364  -31.120  -30.828  -30.704  -30.470   -6.266   -6.257
   -5.994   -5.989    5.379    5.438    5.454    5.844    6.926    6.970    8.098    8.147
    8.284    9.015    9.782    9.879   11.134   11.499   11.608   11.791   12.836   12.918
   15.549   15.896   16.037   16.283
            0.500000  0.500000  0.517705
  -61.440  -60.687  -31.877  -31.368  -31.119  -30.828  -30.708  -30.470   -6.244   -6.235
   -6.007   -6.001    5.428    5.430    5.507    5.854    6.861    6.907    8.072    8.100
    8.316    9.042    9.824    9.928   11.130   11.505   11.642   11.751   12.794   12.952
   15.514   15.870   16.036   16.285
            0.500000  0.500000  0.534962
  -61.439  -60.687  -31.876  -31.373  -31.118  -30.828  -30.713  -30.469   -6.223   -6.214
   -6.019   -6.013    5.419    5.479    5.558    5.864    6.800    6.848    8.047    8.056
    8.347    9.067    9.864    9.975   11.125   11.510   11.674   11.712   12.754   12.984
   15.481   15.846   16.034   16.287
            0.500000  0.500000  0.552219
  -61.439  -60.687  -31.876  -31.377  -31.117  -30.827  -30.717  -30.468   -6.204   -6.195
   -6.030   -6.023    5.411    5.526    5.607    5.874    6.743    6.794    8.014    8.024
    8.376    9.092    9.899   10.018   11.119   11.514   11.675   11.704   12.716   13.013
   15.452   15.824   16.031   16.288
            0.500000  0.500000  0.569475
  -61.439  -60.687  -31.876  -31.381  -31.116  -30.827  -30.721  -30.467   -6.186   -6.177
   -6.040   -6.033    5.404    5.570    5.652    5.884    6.691    6.744    7.975    8.003
    8.404    9.115    9.932   10.057   11.112   11.516   11.641   11.731   12.680   13.040
   15.426   15.805   16.028   16.289
            0.500000  0.500000  0.586732
  -61.439  -60.686  -31.876  -31.384  -31.116  -30.827  -30.725  -30.467   -6.169   -6.160
   -6.049   -6.042    5.398    5.611    5.694    5.894    6.643    6.699    7.939    7.984
    8.429    9.136    9.961   10.093   11.105   11.518   11.610   11.755   12.647   13.064
   15.402   15.789   16.025   16.289
            0.500000  0.500000  0.603989
  -61.438  -60.686  -31.875  -31.387  -31.115  -30.827  -30.728  -30.466   -6.155   -6.145
   -6.058   -6.050    5.392    5.649    5.732    5.904    6.600    6.658    7.907    7.968
    8.453    9.155    9.987   10.125   11.098   11.519   11.581   11.777   12.618   13.086
   15.382   15.774   16.022   16.288
            0.500000  0.500000  0.621246
  -61.438  -60.686  -31.875  -31.390  -31.115  -30.827  -30.731  -30.466   -6.142   -6.132
   -6.065   -6.057    5.387    5.683    5.766    5.913    6.562    6.623    7.878    7.953
    8.474    9.172   10.009   10.153   11.092   11.519   11.556   11.796   12.591   13.105
   15.364   15.762   16.019   16.288
            0.500000  0.500000  0.638503
  -61.438  -60.686  -31.875  -31.392  -31.114  -30.827  -30.733  -30.465   -6.131   -6.121
   -6.071   -6.063    5.383    5.712    5.796    5.920    6.530    6.593    7.853    7.941
    8.492    9.186   10.028   10.177   11.086   11.519   11.534   11.813   12.568   13.121
   15.349   15.752   16.016   16.287
            0.500000  0.500000  0.655760
  -61.438  -60.686  -31.875  -31.394  -31.114  -30.827  -30.735  -30.465   -6.121   -6.112
   -6.076   -6.068    5.380    5.737    5.820    5.927    6.502    6.569    7.833    7.931
    8.508    9.199   10.044   10.197   11.080   11.516   11.519   11.826   12.549   13.134
   15.337   15.744   16.014   16.286
            0.500000  0.500000  0.673016
  -61.438  -60.686  -31.875  -31.396  -31.113  -30.827  -30.737  -30.465   -6.114   -6.105
   -6.080   -6.072    5.378    5.757    5.840    5.932    6.480    6.549    7.817    7.924
    8.520    9.208   10.056   10.212   11.076   11.501   11.519   11.837   12.534   13.144
   15.328   15.738   16.011   16.286
            0.500000  0.500000  0.690273
  -61.438  -60.686  -31.875  -31.397  -31.113  -30.827  -30.738  -30.465   -6.109   -6.100
   -6.083   -6.075    5.376    5.772    5.854    5.936    6.464    6.535    7.805    7.918
    8.529    9.215   10.064   10.224   11.072   11.491   11.518   11.845   12.523   13.152
   15.321   15.733   16.010   16.285
            0.500000  0.500000  0.707530
  -61.438  -60.686  -31.875  -31.397  -31.113  -30.827  -30.739  -30.464   -6.106   -6.097
   -6.085   -6.076    5.375    5.781    5.862    5.939    6.455    6.527    7.798    7.915
    8.534    9.219   10.069   10.230   11.070   11.485   11.518   11.849   12.517   13.156
   15.317   15.730   16.009   16.285
            0.500000  0.500000  0.724787
  -61.438  -60.686  -31.875  -31.397  -31.113  -30.827  -30.739  -30.464   -6.105   -6.096
   -6.085   -6.077    5.374    5.784    5.865    5.940    6.451    6.524    7.796    7.914
    8.536    9.221   10.071   10.232   11.070   11.483   11.518   11.851   12.515   13.158
   15.316   15.730   16.009   16.285
            0.488095  0.488095  0.724787
  -61.438  -60.686  -31.875  -31.397  -31.113  -30.827  -30.739  -30.464   -6.116   -6.096
   -6.085   -6.066    5.370    5.785    5.867    5.940    6.450    6.530    7.795    7.914
    8.537    9.219   10.068   10.232   11.070   11.476   11.518   11.851   12.515   13.163
   15.316   15.694   16.044   16.285
            0.476190  0.476190  0.724787
  -61.438  -60.686  -31.875  -31.397  -31.113  -30.827  -30.739  -30.464   -6.136   -6.096
   -6.085   -6.046    5.358    5.788    5.870    5.941    6.446    6.548    7.795    7.915
    8.541    9.213   10.059   10.232   11.070   11.457   11.517   11.851   12.517   13.178
   15.316   15.617   16.123   16.286
            0.464286  0.464286  0.724787
  -61.438  -60.686  -31.875  -31.397  -31.113  -30.827  -30.739  -30.464   -6.156   -6.097
   -6.084   -6.026    5.340    5.793    5.876    5.942    6.439    6.577    7.795    7.917
    8.548    9.205   10.044   10.232   11.069   11.427   11.517   11.851   12.520   13.202
   15.316   15.526   16.215   16.287
            0.452381  0.452381  0.724787
  -61.438  -60.686  -31.875  -31.398  -31.113  -30.827  -30.739  -30.464   -6.176   -6.098
   -6.083   -6.006    5.316    5.801    5.882    5.944    6.430    6.617    7.794    7.920
    8.556    9.192   10.023   10.231   11.069   11.387   11.516   11.851   12.525   13.235
   15.317   15.431   16.289   16.312
            0.440476  0.440476  0.724787
  -61.438  -60.686  -31.875  -31.398  -31.113  -30.827  -30.739  -30.464   -6.195   -6.100
   -6.082   -5.986    5.289    5.810    5.889    5.946    6.419    6.666    7.794    7.923
    8.567    9.177    9.997   10.230   11.068   11.339   11.514   11.852   12.530   13.273
   15.317   15.337   16.291   16.409
            0.428571  0.428571  0.724787
  -61.438  -60.686  -31.875  -31.398  -31.113  -30.827  -30.739  -30.464   -6.215   -6.101
   -6.081   -5.966    5.260    5.820    5.895    5.949    6.406    6.724    7.793    7.927
    8.581    9.158    9.963   10.227   11.068   11.285   11.512   11.854   12.537   13.317
   15.243   15.318   16.293   16.504
            0.416667  0.416667  0.724787
  -61.438  -60.686  -31.875  -31.398  -31.113  -30.827  -30.739  -30.464   -6.233   -6.104
   -6.079   -5.948    5.231    5.833    5.900    5.953    6.391    6.789    7.792    7.931
    8.596    9.136    9.924   10.223   11.067   11.227   11.510   11.857   12.545   13.364
   15.153   15.319   16.295   16.598
            0.404762  0.404762  0.724787
  -61.438  -60.686  -31.875  -31.398  -31.113  -30.827  -30.739  -30.464   -6.251   -6.106
   -6.077   -5.929    5.201    5.846    5.904    5.957    6.375    6.861    7.791    7.935
    8.612    9.111    9.879   10.216   11.066   11.168   11.507   11.861   12.555   13.413
   15.066   15.320   16.296   16.687
            0.392857  0.392857  0.724787
  -61.438  -60.686  -31.875  -31.398  -31.113  -30.827  -30.739  -30.464   -6.268   -6.109
   -6.075   -5.912    5.172    5.860    5.908    5.963    6.357    6.939    7.790    7.940
    8.630    9.083    9.827   10.205   11.065   11.110   11.505   11.867   12.565   13.463
   14.982   15.320   16.297   16.772
            0.380952  0.380952  0.724787
  -61.438  -60.686  -31.875  -31.398  -31.113  -30.827  -30.739  -30.464   -6.284   -6.111
   -6.072   -5.896    5.145    5.875    5.911    5.969    6.340    7.021    7.789    7.944
    8.649    9.053    9.769   10.189   11.054   11.066   11.502   11.875   12.576   13.513
   14.904   15.321   16.298   16.853
            0.369048  0.369048  0.724787
  -61.438  -60.686  -31.875  -31.398  -31.113  -30.827  -30.739  -30.464   -6.300   -6.115
   -6.070   -5.881    5.121    5.889    5.914    5.976    6.323    7.108    7.788    7.949
    8.669    9.021    9.706   10.166   11.005   11.064   11.499   11.885   12.588   13.563
   14.830   15.322   16.298   16.927
            0.357143  0.357143  0.724787
  -61.438  -60.686  -31.875  -31.398  -31.113  -30.827  -30.739  -30.464   -6.314   -6.118
   -6.067   -5.866    5.098    5.902    5.915    5.985    6.308    7.198    7.786    7.953
    8.688    8.986    9.636   10.136   10.964   11.063   11.496   11.896   12.601   13.611
   14.761   15.324   16.297   16.995
            0.345238  0.345238  0.724787
  -61.438  -60.686  -31.875  -31.398  -31.113  -30.827  -30.739  -30.464   -6.326   -6.122
   -6.064   -5.853    5.079    5.913    5.917    5.995    6.296    7.291    7.785    7.957
    8.707    8.950    9.562   10.098   10.933   11.061   11.493   11.910   12.615   13.657
   14.697   15.325   16.294   17.057
            0.333333  0.333333  0.724787
  -61.438  -60.686  -31.875  -31.398  -31.113  -30.826  -30.739  -30.464   -6.338   -6.126
   -6.061   -5.842    5.062    5.918    5.920    6.006    6.287    7.386    7.784    7.961
    8.726    8.912    9.481   10.052   10.911   11.060   11.491   11.926   12.630   13.700
   14.640   15.326   16.290   17.111
            0.321429  0.321429  0.724787
  -61.438  -60.686  -31.875  -31.398  -31.113  -30.826  -30.739  -30.464   -6.349   -6.130
   -6.057   -5.831    5.049    5.919    5.922    6.018    6.284    7.483    7.782    7.964
    8.742    8.873    9.397    9.998   10.900   11.059   11.489   11.944   12.645   13.741
   14.589   15.327   16.285   17.158
            0.309524  0.309524  0.724787
  -61.438  -60.686  -31.875  -31.398  -31.113  -30.826  -30.739  -30.464   -6.358   -6.134
   -6.054   -5.823    5.039    5.918    5.920    6.032    6.287    7.581    7.781    7.967
    8.756    8.832    9.307    9.939   10.899   11.057   11.487   11.963   12.661   13.779
   14.544   15.328   16.278   17.196
            0.297619  0.297619  0.724787
  -61.438  -60.686  -31.875  -31.398  -31.113  -30.826  -30.738  -30.464   -6.365   -6.138
   -6.050   -5.815    5.032    5.909    5.920    6.048    6.297    7.679    7.779    7.969
    8.766    8.791    9.214    9.876   10.907   11.055   11.485   11.984   12.678   13.813
   14.505   15.329   16.269   17.226
            0.285714  0.285714  0.724787
  -61.438  -60.686  -31.875  -31.398  -31.113  -30.826  -30.738  -30.464   -6.372   -6.142
   -6.047   -5.809    5.029    5.894    5.921    6.065    6.312    7.776    7.780    7.970
    8.749    8.772    9.117    9.812   10.923   11.054   11.484   12.008   12.695   13.844
   14.473   15.331   16.259   17.247
            0.273810  0.273810  0.724787
  -61.438  -60.686  -31.875  -31.398  -31.113  -30.826  -30.738  -30.464   -6.377   -6.147
   -6.043   -5.805    5.030    5.875    5.922    6.084    6.333    7.776    7.878    7.970
    8.707    8.773    9.017    9.749   10.945   11.052   11.483   12.032   12.712   13.871
   14.448   15.332   16.247   17.259
            0.261905  0.261905  0.724787
  -61.438  -60.686  -31.875  -31.398  -31.113  -30.826  -30.738  -30.464   -6.380   -6.152
   -6.039   -5.802    5.034    5.853    5.922    6.105    6.357    7.774    7.970    7.976
    8.665    8.765    8.915    9.689   10.973   11.050   11.482   12.059   12.729   13.894
   14.430   15.333   16.233   17.262
            0.250000  0.250000  0.724787
  -61.438  -60.686  -31.875  -31.398  -31.113  -30.826  -30.738  -30.464   -6.382   -6.156
   -6.035   -5.801    5.042    5.828    5.923    6.128    6.385    7.773    7.969    8.072
    8.622    8.750    8.811    9.635   11.006   11.049   11.481   12.086   12.747   13.913
   14.419   15.334   16.217   17.256
            0.238095  0.238095  0.724787
  -61.438  -60.686  -31.875  -31.398  -31.113  -30.826  -30.738  -30.464   -6.383   -6.161
   -6.032   -5.801    5.053    5.801    5.924    6.152    6.415    7.772    7.968    8.166
    8.581    8.707    8.725    9.588   11.040   11.050   11.481   12.115   12.764   13.928
   14.416   15.335   16.200   17.242
            0.226190  0.226190  0.724787
  -61.438  -60.686  -31.875  -31.398  -31.113  -30.826  -30.738  -30.464   -6.382   -6.165
   -6.028   -5.802    5.067    5.773    5.925    6.179    6.447    7.770    7.965    8.254
    8.539    8.606    8.689    9.549   11.044   11.085   11.481   12.145   12.782   13.939
   14.419   15.336   16.181   17.218
            0.214286  0.214286  0.724787
  -61.438  -60.686  -31.875  -31.398  -31.112  -30.826  -30.739  -30.464   -6.380   -6.170
   -6.024   -5.806    5.085    5.745    5.927    6.207    6.480    7.769    7.962    8.321
    8.499    8.522    8.644    9.519   11.042   11.129   11.480   12.177   12.799   13.946
   14.429   15.337   16.161   17.186
            0.202381  0.202381  0.724787
  -61.438  -60.686  -31.875  -31.398  -31.112  -30.826  -30.739  -30.464   -6.376   -6.174
   -6.020   -5.810    5.106    5.717    5.929    6.238    6.513    7.768    7.958    8.311
    8.459    8.512    8.589    9.496   11.041   11.175   11.480   12.208   12.816   13.950
   14.447   15.338   16.139   17.146
            0.190476  0.190476  0.724787
  -61.438  -60.686  -31.875  -31.398  -31.112  -30.826  -30.739  -30.464   -6.371   -6.179
   -6.017   -5.816    5.130    5.690    5.932    6.270    6.546    7.767    7.954    8.226
    8.421    8.527    8.576    9.481   11.039   11.224   11.479   12.241   12.833   13.950
   14.471   15.339   16.116   17.098
            0.178571  0.178571  0.724787
  -61.438  -60.686  -31.875  -31.398  -31.112  -30.826  -30.739  -30.464   -6.365   -6.183
   -6.013   -5.823    5.157    5.662    5.935    6.305    6.580    7.766    7.949    8.122
    8.384    8.458    8.654    9.471   11.037   11.274   11.478   12.274   12.849   13.947
   14.503   15.340   16.092   17.042
            0.166667  0.166667  0.724787
  -61.438  -60.686  -31.874  -31.398  -31.112  -30.826  -30.739  -30.464   -6.358   -6.187
   -6.010   -5.832    5.187    5.636    5.940    6.341    6.612    7.765    7.943    8.015
    8.348    8.385    8.733    9.465   11.035   11.326   11.478   12.307   12.865   13.941
   14.541   15.341   16.068   16.979
            0.154762  0.154762  0.724787
  -61.438  -60.686  -31.874  -31.398  -31.112  -30.826  -30.739  -30.464   -6.350   -6.191
   -6.007   -5.842    5.218    5.611    5.945    6.379    6.645    7.764    7.907    7.938
    8.308    8.314    8.810    9.463   11.033   11.378   11.477   12.340   12.880   13.932
   14.585   15.341   16.042   16.910
            0.142857  0.142857  0.724787
  -61.438  -60.686  -31.874  -31.398  -31.112  -30.826  -30.739  -30.464   -6.340   -6.194
   -6.003   -5.852    5.252    5.586    5.952    6.420    6.676    7.763    7.800    7.932
    8.230    8.282    8.883    9.463   11.031   11.430   11.475   12.373   12.894   13.920
   14.636   15.342   16.017   16.834
            0.130952  0.130952  0.724787
  -61.438  -60.686  -31.874  -31.398  -31.112  -30.826  -30.739  -30.464   -6.330   -6.198
   -6.001   -5.864    5.286    5.564    5.960    6.461    6.705    7.694    7.763    7.925
    8.151    8.252    8.953    9.465   11.030   11.474   11.481   12.405   12.907   13.907
   14.693   15.343   15.992   16.753
            0.119048  0.119048  0.724787
  -61.438  -60.686  -31.874  -31.398  -31.112  -30.826  -30.739  -30.464   -6.319   -6.201
   -5.998   -5.876    5.322    5.543    5.970    6.505    6.733    7.590    7.763    7.919
    8.071    8.224    9.018    9.468   11.028   11.473   11.531   12.436   12.920   13.891
   14.756   15.343   15.968   16.667
            0.107143  0.107143  0.724787
  -61.438  -60.686  -31.874  -31.398  -31.112  -30.826  -30.739  -30.464   -6.307   -6.204
   -5.995   -5.889    5.357    5.523    5.982    6.550    6.760    7.489    7.762    7.913
    7.992    8.198    9.078    9.471   11.027   11.471   11.580   12.465   12.932   13.875
   14.825   15.344   15.944   16.577
            0.095238  0.095238  0.724787
  -61.438  -60.686  -31.874  -31.398  -31.112  -30.826  -30.739  -30.464   -6.295   -6.207
   -5.993   -5.902    5.391    5.505    5.996    6.595    6.784    7.392    7.762    7.907
    7.915    8.174    9.132    9.475   11.025   11.469   11.626   12.493   12.942   13.858
   14.898   15.344   15.921   16.483
            0.083333  0.083333  0.724787
  -61.438  -60.686  -31.874  -31.398  -31.112  -30.826  -30.739  -30.464   -6.283   -6.210
   -5.991   -5.915    5.424    5.489    6.013    6.642    6.806    7.300    7.762    7.841
    7.901    8.153    9.181    9.478   11.024   11.468   11.669   12.519   12.952   13.841
   14.977   15.344   15.900   16.385
            0.071429  0.071429  0.724787
  -61.438  -60.686  -31.874  -31.398  -31.112  -30.826  -30.739  -30.464   -6.271   -6.212
   -5.989   -5.928    5.454    5.475    6.032    6.688    6.825    7.213    7.762    7.769
    7.895    8.135    9.224    9.482   11.023   11.466   11.708   12.542   12.960   13.825
   15.059   15.345   15.881   16.286
            0.059524  0.059524  0.724787
  -61.438  -60.686  -31.874  -31.398  -31.112  -30.826  -30.739  -30.464   -6.259   -6.214
   -5.988   -5.941    5.464    5.481    6.053    6.733    6.842    7.133    7.703    7.762
    7.890    8.119    9.261    9.485   11.022   11.465   11.742   12.562   12.967   13.809
   15.145   15.345   15.864   16.185
            0.047619  0.047619  0.724787
  -61.438  -60.686  -31.874  -31.398  -31.112  -30.826  -30.739  -30.464   -6.249   -6.215
   -5.986   -5.952    5.454    5.503    6.076    6.775    6.857    7.062    7.642    7.762
    7.886    8.106    9.292    9.487   11.021   11.463   11.772   12.579   12.973   13.796
   15.234   15.345   15.850   16.084
            0.035714  0.035714  0.724787
  -61.438  -60.686  -31.874  -31.398  -31.112  -30.826  -30.739  -30.464   -6.240   -6.216
   -5.985   -5.962    5.446    5.521    6.097    6.813    6.868    7.002    7.590    7.763
    7.883    8.095    9.316    9.489   11.020   11.462   11.795   12.593   12.978   13.785
   15.325   15.346   15.839   15.984
            0.023810  0.023810  0.724787
  -61.438  -60.686  -31.874  -31.398  -31.112  -30.826  -30.739  -30.464   -6.232   -6.217
   -5.985   -5.969    5.441    5.534    6.116    6.844    6.876    6.955    7.550    7.763
    7.881    8.088    9.333    9.491   11.020   11.461   11.812   12.603   12.981   13.776
   15.346   15.414   15.830   15.888
            0.011905  0.011905  0.724787
  -61.438  -60.686  -31.874  -31.398  -31.112  -30.826  -30.739  -30.464   -6.228   -6.218
   -5.984   -5.974    5.437    5.542    6.129    6.864    6.881    6.926    7.523    7.763
    7.879    8.084    9.343    9.492   11.020   11.461   11.823   12.609   12.983   13.771
   15.346   15.493   15.804   15.825
            0.000000  0.000000  0.724787
  -61.438  -60.686  -31.874  -31.398  -31.112  -30.826  -30.739  -30.464   -6.226   -6.218
   -5.984   -5.976    5.436    5.544    6.133    6.872    6.882    6.916    7.514    7.763
    7.879    8.082    9.347    9.492   11.020   11.461   11.826   12.611   12.984   13.769
   15.346   15.532   15.764   15.823
