 &plot nbnd=  34, nks=   271 /
            0.000000  0.000000  0.000000
  -61.443  -60.697  -31.879  -31.235  -31.141  -30.837  -30.577  -30.493   -7.420   -6.393
   -5.524   -5.523    4.281    4.284    5.474    5.991    6.010    8.456    8.461    8.517
    9.905   10.042   10.330   10.377   10.389   10.742   10.902   11.118   11.713   13.895
   14.231   16.841   17.051   18.253
            0.016667  0.000000  0.000000
  -61.443  -60.697  -31.879  -31.235  -31.141  -30.837  -30.577  -30.493   -7.419   -6.393
   -5.525   -5.523    4.283    4.286    5.476    5.991    6.011    8.452    8.459    8.513
    9.884   10.062   10.313   10.354   10.412   10.753   10.901   11.124   11.717   13.899
   14.229   16.840   17.050   18.252
            0.033333  0.000000  0.000000
  -61.443  -60.697  -31.879  -31.235  -31.140  -30.837  -30.577  -30.493   -7.416   -6.393
   -5.529   -5.525    4.289    4.293    5.482    5.992    6.012    8.440    8.454    8.502
    9.839   10.107   10.266   10.329   10.438   10.783   10.899   11.142   11.726   13.911
   14.224   16.836   17.047   18.246
            0.050000  0.000000  0.000000
  -61.443  -60.697  -31.879  -31.235  -31.140  -30.837  -30.577  -30.493   -7.411   -6.391
   -5.535   -5.528    4.299    4.304    5.491    5.993    6.015    8.419    8.445    8.485
    9.786   10.158   10.202   10.299   10.464   10.823   10.896   11.169   11.742   13.932
   14.215   16.829   17.041   18.235
            0.066667  0.000000  0.000000
  -61.443  -60.697  -31.879  -31.235  -31.140  -30.837  -30.577  -30.493   -7.404   -6.390
   -5.544   -5.532    4.312    4.320    5.503    5.995    6.018    8.389    8.433    8.463
    9.729   10.128   10.211   10.263   10.494   10.860   10.902   11.203   11.764   13.960
   14.204   16.819   17.034   18.221
            0.083333  0.000000  0.000000
  -61.443  -60.697  -31.879  -31.235  -31.140  -30.837  -30.577  -30.493   -7.396   -6.388
   -5.555   -5.537    4.329    4.340    5.520    5.997    6.023    8.352    8.418    8.435
    9.672   10.047   10.223   10.266   10.528   10.864   10.941   11.241   11.791   13.995
   14.190   16.807   17.024   18.201
            0.100000  0.000000  0.000000
  -61.443  -60.697  -31.879  -31.235  -31.140  -30.837  -30.578  -30.493   -7.385   -6.385
   -5.569   -5.543    4.349    4.365    5.540    6.000    6.028    8.306    8.400    8.402
    9.613    9.960   10.181   10.322   10.566   10.855   10.994   11.282   11.823   14.036
   14.175   16.792   17.012   18.177
            0.116667  0.000000  0.000000
  -61.443  -60.697  -31.879  -31.235  -31.140  -30.837  -30.578  -30.493   -7.372   -6.383
   -5.585   -5.550    4.373    4.394    5.563    6.003    6.034    8.254    8.364    8.381
    9.553    9.868   10.139   10.378   10.606   10.841   11.051   11.324   11.859   14.077
   14.164   16.774   16.999   18.149
            0.133333  0.000000  0.000000
  -61.443  -60.697  -31.879  -31.235  -31.140  -30.838  -30.578  -30.493   -7.357   -6.380
   -5.603   -5.558    4.400    4.427    5.591    6.006    6.042    8.196    8.321    8.359
    9.493    9.772   10.099   10.434   10.649   10.825   11.108   11.365   11.899   14.093
   14.182   16.755   16.984   18.116
            0.150000  0.000000  0.000000
  -61.443  -60.697  -31.879  -31.235  -31.140  -30.838  -30.578  -30.493   -7.341   -6.377
   -5.622   -5.568    4.431    4.463    5.622    6.009    6.050    8.134    8.273    8.336
    9.433    9.671   10.061   10.490   10.693   10.808   11.165   11.404   11.942   14.078
   14.236   16.733   16.967   18.078
            0.166667  0.000000  0.000000
  -61.443  -60.697  -31.879  -31.235  -31.140  -30.838  -30.578  -30.493   -7.323   -6.373
   -5.644   -5.578    4.465    4.503    5.657    6.013    6.058    8.068    8.219    8.311
    9.373    9.568   10.027   10.546   10.736   10.791   11.224   11.442   11.988   14.052
   14.305   16.709   16.949   18.036
            0.183333  0.000000  0.000000
  -61.443  -60.697  -31.879  -31.235  -31.140  -30.838  -30.578  -30.493   -7.303   -6.370
   -5.666   -5.589    4.502    4.547    5.695    6.018    6.068    7.999    8.160    8.286
    9.314    9.461    9.997   10.602   10.752   10.798   11.282   11.477   12.036   14.020
   14.381   16.683   16.930   17.990
            0.200000  0.000000  0.000000
  -61.443  -60.697  -31.879  -31.235  -31.139  -30.838  -30.578  -30.494   -7.281   -6.368
   -5.690   -5.600    4.542    4.593    5.738    6.022    6.078    7.927    8.097    8.261
    9.255    9.352    9.971   10.658   10.732   10.839   11.341   11.510   12.085   13.986
   14.464   16.656   16.910   17.939
            0.216667  0.000000  0.000000
  -61.443  -60.697  -31.879  -31.235  -31.139  -30.839  -30.578  -30.494   -7.257   -6.366
   -5.715   -5.613    4.585    4.642    5.784    6.027    6.088    7.854    8.029    8.235
    9.197    9.240    9.950   10.707   10.713   10.883   11.399   11.540   12.135   13.950
   14.553   16.628   16.889   17.884
            0.233333  0.000000  0.000000
  -61.443  -60.697  -31.879  -31.235  -31.139  -30.839  -30.578  -30.494   -7.232   -6.364
   -5.740   -5.626    4.630    4.693    5.834    6.032    6.099    7.780    7.959    8.210
    9.126    9.139    9.933   10.679   10.767   10.928   11.458   11.567   12.185   13.911
   14.646   16.599   16.868   17.826
            0.250000  0.000000  0.000000
  -61.443  -60.697  -31.879  -31.235  -31.139  -30.839  -30.578  -30.494   -7.205   -6.364
   -5.764   -5.640    4.677    4.746    5.887    6.037    6.111    7.704    7.885    8.185
    9.011    9.084    9.921   10.649   10.819   10.971   11.517   11.591   12.235   13.871
   14.743   16.569   16.846   17.763
            0.266667  0.000000  0.000000
  -61.443  -60.697  -31.879  -31.235  -31.139  -30.839  -30.578  -30.494   -7.177   -6.365
   -5.788   -5.654    4.726    4.801    5.945    6.042    6.122    7.629    7.810    8.162
    8.893    9.029    9.913   10.618   10.871   11.013   11.574   11.613   12.284   13.830
   14.843   16.539   16.824   17.696
            0.283333  0.000000  0.000000
  -61.443  -60.697  -31.879  -31.235  -31.139  -30.839  -30.578  -30.494   -7.147   -6.369
   -5.812   -5.669    4.777    4.857    6.006    6.047    6.133    7.554    7.733    8.139
    8.775    8.977    9.909   10.586   10.920   11.053   11.625   11.640   12.333   13.788
   14.947   16.509   16.802   17.626
            0.300000  0.000000  0.000000
  -61.443  -60.697  -31.879  -31.235  -31.138  -30.840  -30.578  -30.494   -7.116   -6.374
   -5.833   -5.685    4.829    4.913    6.052    6.071    6.144    7.479    7.657    8.117
    8.656    8.927    9.909   10.552   10.968   11.092   11.645   11.692   12.379   13.745
   15.053   16.479   16.780   17.552
            0.316667  0.000000  0.000000
  -61.443  -60.697  -31.879  -31.235  -31.138  -30.840  -30.578  -30.494   -7.084   -6.382
   -5.852   -5.700    4.882    4.970    6.057    6.140    6.155    7.405    7.580    8.097
    8.536    8.879    9.913   10.518   11.013   11.128   11.659   11.747   12.424   13.703
   15.161   16.450   16.759   17.474
            0.333333  0.000000  0.000000
  -61.443  -60.697  -31.879  -31.235  -31.138  -30.840  -30.578  -30.494   -7.050   -6.394
   -5.869   -5.716    4.935    5.026    6.062    6.166    6.212    7.333    7.506    8.079
    8.417    8.834    9.920   10.483   11.055   11.163   11.671   11.801   12.466   13.660
   15.271   16.422   16.738   17.393
            0.350000  0.000000  0.000000
  -61.443  -60.697  -31.879  -31.235  -31.138  -30.840  -30.578  -30.494   -7.015   -6.408
   -5.882   -5.732    4.988    5.081    6.066    6.176    6.287    7.263    7.434    8.062
    8.297    8.792    9.931   10.448   11.095   11.195   11.680   11.853   12.506   13.619
   15.382   16.395   16.719   17.309
            0.366667  0.000000  0.000000
  -61.443  -60.697  -31.879  -31.235  -31.138  -30.840  -30.578  -30.494   -6.980   -6.427
   -5.892   -5.748    5.039    5.134    6.071    6.185    6.365    7.195    7.366    8.047
    8.179    8.753    9.944   10.412   11.131   11.225   11.687   11.902   12.542   13.579
   15.493   16.370   16.701   17.222
            0.383333  0.000000  0.000000
  -61.443  -60.697  -31.879  -31.235  -31.138  -30.841  -30.578  -30.494   -6.943   -6.449
   -5.899   -5.764    5.089    5.185    6.075    6.194    6.445    7.132    7.302    8.034
    8.062    8.718    9.960   10.376   11.164   11.252   11.692   11.948   12.575   13.541
   15.605   16.347   16.684   17.132
            0.400000  0.000000  0.000000
  -61.443  -60.697  -31.879  -31.235  -31.138  -30.841  -30.578  -30.494   -6.906   -6.474
   -5.902   -5.780    5.135    5.233    6.078    6.202    6.526    7.075    7.244    7.946
    8.023    8.687    9.979   10.340   11.193   11.277   11.696   11.991   12.605   13.505
   15.717   16.327   16.669   17.040
            0.416667  0.000000  0.000000
  -61.443  -60.697  -31.879  -31.235  -31.138  -30.841  -30.578  -30.494   -6.868   -6.502
   -5.902   -5.796    5.176    5.276    6.081    6.209    6.607    7.025    7.193    7.834
    8.013    8.660   10.000   10.304   11.218   11.298   11.698   12.028   12.630   13.474
   15.828   16.309   16.656   16.946
            0.433333  0.000000  0.000000
  -61.443  -60.697  -31.879  -31.235  -31.138  -30.841  -30.578  -30.494   -6.830   -6.533
   -5.899   -5.811    5.213    5.314    6.084    6.214    6.683    6.986    7.149    7.727
    8.006    8.637   10.023   10.269   11.239   11.317   11.700   12.061   12.651   13.446
   15.937   16.294   16.645   16.851
            0.450000  0.000000  0.000000
  -61.443  -60.697  -31.879  -31.235  -31.137  -30.841  -30.578  -30.494   -6.791   -6.567
   -5.894   -5.826    5.242    5.346    6.086    6.219    6.746    6.967    7.113    7.626
    8.000    8.619   10.049   10.234   11.256   11.331   11.701   12.087   12.668   13.423
   16.043   16.282   16.636   16.756
            0.466667  0.000000  0.000000
  -61.443  -60.697  -31.879  -31.235  -31.137  -30.841  -30.578  -30.494   -6.752   -6.602
   -5.886   -5.840    5.265    5.369    6.088    6.222    6.783    6.977    7.087    7.538
    7.996    8.606   10.076   10.201   11.267   11.342   11.701   12.106   12.680   13.407
   16.142   16.274   16.630   16.665
            0.483333  0.000000  0.000000
  -61.443  -60.697  -31.879  -31.235  -31.137  -30.841  -30.578  -30.494   -6.714   -6.638
   -5.877   -5.854    5.278    5.384    6.089    6.224    6.795    7.006    7.070    7.472
    7.993    8.599   10.104   10.169   11.275   11.348   11.701   12.118   12.687   13.396
   16.225   16.268   16.587   16.626
            0.500000  0.000000  0.000000
  -61.443  -60.697  -31.879  -31.235  -31.137  -30.841  -30.578  -30.494   -6.677   -6.674
   -5.866   -5.865    5.283    5.389    6.089    6.225    6.797    7.022    7.063    7.447
    7.992    8.596   10.126   10.145   11.277   11.350   11.701   12.122   12.689   13.393
   16.262   16.267   16.552   16.625
            0.500000  0.000000  0.017257
  -61.443  -60.697  -31.879  -31.235  -31.137  -30.841  -30.578  -30.494   -6.676   -6.673
   -5.867   -5.866    5.285    5.391    6.087    6.221    6.798    7.026    7.067    7.445
    7.991    8.589   10.128   10.147   11.270   11.352   11.709   12.120   12.691   13.392
   16.259   16.259   16.555   16.624
            0.500000  0.000000  0.034514
  -61.443  -60.697  -31.879  -31.236  -31.137  -30.841  -30.579  -30.494   -6.674   -6.670
   -5.868   -5.867    5.291    5.397    6.081    6.211    6.803    7.039    7.076    7.438
    7.987    8.568   10.134   10.151   11.249   11.357   11.732   12.114   12.697   13.390
   16.238   16.251   16.565   16.621
            0.500000  0.000000  0.051770
  -61.443  -60.697  -31.879  -31.237  -31.137  -30.841  -30.580  -30.494   -6.669   -6.666
   -5.870   -5.870    5.301    5.407    6.071    6.195    6.809    7.060    7.091    7.426
    7.981    8.534   10.143   10.158   11.221   11.365   11.766   12.104   12.706   13.386
   16.205   16.238   16.579   16.616
            0.500000  0.000000  0.069027
  -61.443  -60.697  -31.879  -31.239  -31.137  -30.841  -30.581  -30.494   -6.663   -6.659
   -5.874   -5.873    5.316    5.421    6.058    6.175    6.815    7.088    7.111    7.410
    7.975    8.489   10.154   10.165   11.188   11.377   11.806   12.090   12.718   13.380
   16.162   16.217   16.595   16.611
            0.500000  0.000000  0.086284
  -61.443  -60.697  -31.879  -31.241  -31.136  -30.841  -30.583  -30.493   -6.654   -6.651
   -5.878   -5.878    5.334    5.438    6.042    6.151    6.822    7.123    7.131    7.391
    7.970    8.434   10.165   10.172   11.156   11.392   11.850   12.074   12.732   13.374
   16.112   16.190   16.607   16.613
            0.500000  0.000000  0.103541
  -61.443  -60.697  -31.878  -31.243  -31.136  -30.841  -30.586  -30.493   -6.645   -6.641
   -5.883   -5.883    5.357    5.459    6.025    6.125    6.828    7.148    7.165    7.372
    7.967    8.372   10.174   10.177   11.126   11.410   11.895   12.055   12.749   13.366
   16.055   16.155   16.605   16.632
            0.500000  0.000000  0.120798
  -61.442  -60.697  -31.878  -31.246  -31.136  -30.840  -30.589  -30.492   -6.633   -6.630
   -5.889   -5.889    5.384    5.484    6.007    6.098    6.834    7.154    7.211    7.361
    7.968    8.305   10.178   10.181   11.102   11.430   11.940   12.035   12.768   13.357
   15.993   16.113   16.606   16.650
            0.500000  0.000000  0.138055
  -61.442  -60.697  -31.878  -31.249  -31.135  -30.840  -30.592  -30.492   -6.620   -6.617
   -5.896   -5.896    5.414    5.513    5.988    6.072    6.837    7.139    7.261    7.366
    7.973    8.234   10.173   10.184   11.083   11.452   11.983   12.013   12.789   13.347
   15.926   16.064   16.609   16.669
            0.500000  0.000000  0.155311
  -61.442  -60.696  -31.878  -31.253  -31.134  -30.840  -30.596  -30.491   -6.606   -6.603
   -5.903   -5.903    5.448    5.545    5.969    6.045    6.839    7.102    7.313    7.388
    7.982    8.163   10.162   10.182   11.072   11.474   11.990   12.024   12.810   13.337
   15.854   16.008   16.616   16.689
            0.500000  0.000000  0.172568
  -61.442  -60.696  -31.878  -31.257  -31.134  -30.839  -30.600  -30.491   -6.590   -6.587
   -5.911   -5.911    5.486    5.580    5.951    6.019    6.839    7.050    7.367    7.420
    7.996    8.092   10.144   10.177   11.069   11.495   11.969   12.062   12.833   13.326
   15.780   15.948   16.626   16.709
            0.500000  0.000000  0.189825
  -61.441  -60.696  -31.877  -31.261  -31.133  -30.839  -30.604  -30.490   -6.573   -6.570
   -5.920   -5.919    5.528    5.618    5.934    5.995    6.835    6.989    7.420    7.458
    8.015    8.025   10.119   10.167   11.072   11.513   11.949   12.097   12.857   13.315
   15.703   15.882   16.639   16.730
            0.500000  0.000000  0.207082
  -61.441  -60.696  -31.877  -31.265  -31.132  -30.839  -30.609  -30.489   -6.555   -6.553
   -5.928   -5.927    5.573    5.658    5.918    5.972    6.827    6.921    7.472    7.498
    7.963    8.039   10.089   10.153   11.081   11.525   11.932   12.128   12.882   13.304
   15.624   15.814   16.654   16.751
            0.500000  0.000000  0.224339
  -61.441  -60.695  -31.877  -31.270  -31.132  -30.838  -30.614  -30.488   -6.536   -6.534
   -5.937   -5.936    5.621    5.700    5.905    5.950    6.815    6.849    7.520    7.540
    7.912    8.066   10.053   10.135   11.094   11.530   11.918   12.154   12.908   13.294
   15.544   15.742   16.672   16.774
            0.500000  0.000000  0.241596
  -61.441  -60.695  -31.876  -31.275  -31.131  -30.838  -30.619  -30.487   -6.517   -6.515
   -5.947   -5.945    5.672    5.741    5.894    5.931    6.775    6.797    7.559    7.581
    7.877    8.098   10.014   10.114   11.109   11.527   11.909   12.176   12.935   13.284
   15.463   15.669   16.693   16.797
            0.500000  0.000000  0.258852
  -61.440  -60.695  -31.876  -31.281  -31.130  -30.838  -30.625  -30.486   -6.497   -6.495
   -5.955   -5.954    5.725    5.780    5.889    5.913    6.701    6.772    7.586    7.621
    7.863    8.132    9.972   10.091   11.126   11.514   11.903   12.193   12.964   13.276
   15.382   15.596   16.715   16.821
            0.500000  0.000000  0.276109
  -61.440  -60.694  -31.876  -31.286  -31.129  -30.837  -30.630  -30.485   -6.477   -6.475
   -5.964   -5.962    5.779    5.807    5.896    5.899    6.629    6.740    7.596    7.660
    7.872    8.170    9.929   10.065   11.142   11.493   11.899   12.205   12.994   13.269
   15.301   15.522   16.740   16.847
            0.500000  0.000000  0.293366
  -61.440  -60.694  -31.875  -31.292  -31.128  -30.837  -30.636  -30.484   -6.457   -6.455
   -5.972   -5.969    5.817    5.830    5.891    5.920    6.561    6.702    7.597    7.698
    7.902    8.210    9.886   10.038   11.157   11.464   11.896   12.212   13.026   13.264
   15.222   15.448   16.766   16.873
            0.500000  0.000000  0.310623
  -61.439  -60.694  -31.875  -31.297  -31.127  -30.836  -30.642  -30.483   -6.438   -6.436
   -5.979   -5.976    5.816    5.852    5.914    5.951    6.503    6.660    7.594    7.734
    7.942    8.251    9.843   10.010   11.169   11.430   11.891   12.214   13.059   13.260
   15.144   15.375   16.794   16.901
            0.500000  0.000000  0.327880
  -61.439  -60.693  -31.875  -31.303  -31.126  -30.836  -30.648  -30.482   -6.420   -6.417
   -5.985   -5.982    5.809    5.848    5.964    5.977    6.458    6.615    7.593    7.769
    7.988    8.293    9.802    9.981   11.179   11.391   11.883   12.210   13.094   13.259
   15.067   15.305   16.824   16.929
            0.500000  0.000000  0.345137
  -61.439  -60.693  -31.874  -31.309  -31.125  -30.835  -30.654  -30.481   -6.402   -6.400
   -5.989   -5.986    5.800    5.839    5.988    6.017    6.436    6.572    7.596    7.801
    8.036    8.335    9.763    9.952   11.184   11.348   11.871   12.201   13.130   13.260
   14.993   15.236   16.854   16.958
            0.500000  0.000000  0.362393
  -61.438  -60.693  -31.874  -31.315  -31.124  -30.835  -30.660  -30.480   -6.386   -6.384
   -5.992   -5.989    5.787    5.830    5.983    6.063    6.439    6.536    7.603    7.833
    8.084    8.376    9.727    9.923   11.186   11.303   11.854   12.187   13.167   13.263
   14.922   15.169   16.886   16.988
            0.500000  0.000000  0.379650
  -61.438  -60.692  -31.874  -31.321  -31.123  -30.834  -30.667  -30.479   -6.373   -6.370
   -5.992   -5.989    5.767    5.821    5.965    6.097    6.466    6.514    7.614    7.863
    8.131    8.415    9.694    9.895   11.184   11.256   11.832   12.167   13.205   13.269
   14.853   15.106   16.919   17.019
            0.500000  0.000000  0.396907
  -61.438  -60.692  -31.873  -31.327  -31.122  -30.834  -30.673  -30.478   -6.361   -6.358
   -5.990   -5.987    5.739    5.811    5.944    6.110    6.511    6.515    7.628    7.892
    8.177    8.451    9.666    9.868   11.176   11.207   11.804   12.143   13.243   13.276
   14.788   15.046   16.952   17.050
            0.500000  0.000000  0.414164
  -61.437  -60.692  -31.873  -31.333  -31.121  -30.834  -30.679  -30.477   -6.352   -6.349
   -5.985   -5.983    5.699    5.799    5.927    6.102    6.542    6.567    7.646    7.919
    8.220    8.484    9.643    9.842   11.156   11.166   11.772   12.115   13.282   13.286
   14.727   14.989   16.986   17.081
            0.500000  0.000000  0.431421
  -61.437  -60.691  -31.873  -31.338  -31.120  -30.833  -30.685  -30.475   -6.346   -6.342
   -5.979   -5.976    5.651    5.785    5.916    6.080    6.589    6.629    7.666    7.945
    8.260    8.513    9.625    9.818   11.105   11.150   11.735   12.082   13.297   13.320
   14.669   14.936   17.020   17.113
            0.500000  0.000000  0.448678
  -61.437  -60.691  -31.872  -31.344  -31.119  -30.833  -30.690  -30.474   -6.342   -6.338
   -5.969   -5.967    5.597    5.766    5.912    6.052    6.649    6.697    7.687    7.969
    8.297    8.537    9.614    9.796   11.053   11.130   11.693   12.046   13.310   13.357
   14.615   14.886   17.053   17.144
            0.500000  0.000000  0.465934
  -61.436  -60.691  -31.872  -31.349  -31.118  -30.832  -30.696  -30.473   -6.340   -6.336
   -5.958   -5.956    5.540    5.742    5.912    6.025    6.716    6.766    7.710    7.993
    8.330    8.556    9.609    9.776   11.001   11.107   11.648   12.007   13.324   13.394
   14.565   14.840   17.087   17.175
            0.500000  0.000000  0.483191
  -61.436  -60.690  -31.871  -31.355  -31.117  -30.832  -30.701  -30.472   -6.340   -6.336
   -5.945   -5.943    5.482    5.712    5.915    6.004    6.787    6.838    7.734    8.015
    8.360    8.569    9.610    9.760   10.949   11.081   11.599   11.965   13.338   13.429
   14.519   14.799   17.119   17.205
            0.500000  0.000000  0.500448
  -61.436  -60.690  -31.871  -31.359  -31.116  -30.832  -30.706  -30.472   -6.342   -6.337
   -5.931   -5.929    5.426    5.676    5.920    5.989    6.861    6.909    7.759    8.036
    8.386    8.577    9.619    9.747   10.896   11.051   11.549   11.920   13.354   13.462
   14.477   14.761   17.151   17.234
            0.500000  0.000000  0.517705
  -61.436  -60.690  -31.871  -31.364  -31.116  -30.831  -30.711  -30.471   -6.345   -6.339
   -5.917   -5.915    5.371    5.637    5.926    5.980    6.935    6.980    7.784    8.056
    8.407    8.579    9.633    9.737   10.844   11.019   11.496   11.874   13.369   13.494
   14.439   14.727   17.182   17.263
            0.500000  0.000000  0.534962
  -61.435  -60.690  -31.871  -31.369  -31.115  -30.831  -30.716  -30.470   -6.348   -6.342
   -5.902   -5.900    5.320    5.597    5.933    5.975    7.008    7.049    7.810    8.076
    8.425    8.577    9.653    9.732   10.793   10.985   11.443   11.828   13.384   13.523
   14.405   14.697   17.212   17.290
            0.500000  0.000000  0.552219
  -61.435  -60.689  -31.870  -31.373  -31.114  -30.830  -30.720  -30.469   -6.352   -6.346
   -5.887   -5.886    5.271    5.556    5.941    5.973    7.079    7.116    7.836    8.094
    8.437    8.570    9.677    9.730   10.742   10.950   11.389   11.781   13.399   13.550
   14.374   14.670   17.239   17.316
            0.500000  0.000000  0.569475
  -61.435  -60.689  -31.870  -31.377  -31.113  -30.830  -30.724  -30.468   -6.357   -6.350
   -5.873   -5.872    5.227    5.517    5.949    5.974    7.146    7.180    7.862    8.112
    8.445    8.560    9.705    9.732   10.692   10.913   11.337   11.735   13.413   13.575
   14.348   14.647   17.266   17.340
            0.500000  0.000000  0.586732
  -61.435  -60.689  -31.870  -31.380  -31.113  -30.830  -30.728  -30.468   -6.361   -6.355
   -5.860   -5.859    5.186    5.480    5.957    5.976    7.210    7.240    7.888    8.129
    8.449    8.547    9.735    9.739   10.644   10.876   11.287   11.691   13.427   13.597
   14.325   14.627   17.290   17.362
            0.500000  0.000000  0.603989
  -61.435  -60.689  -31.870  -31.383  -31.112  -30.830  -30.731  -30.467   -6.365   -6.359
   -5.847   -5.846    5.149    5.447    5.965    5.978    7.269    7.295    7.915    8.147
    8.448    8.531    9.748    9.768   10.597   10.840   11.239   11.649   13.439   13.617
   14.305   14.610   17.311   17.382
            0.500000  0.000000  0.621246
  -61.434  -60.689  -31.870  -31.386  -31.112  -30.829  -30.734  -30.467   -6.369   -6.362
   -5.836   -5.835    5.117    5.417    5.972    5.982    7.321    7.345    7.941    8.164
    8.443    8.514    9.762    9.800   10.552   10.805   11.196   11.611   13.449   13.634
   14.288   14.596   17.331   17.399
            0.500000  0.000000  0.638503
  -61.434  -60.688  -31.869  -31.388  -31.111  -30.829  -30.736  -30.466   -6.373   -6.366
   -5.827   -5.826    5.090    5.391    5.978    5.985    7.367    7.389    7.967    8.181
    8.436    8.496    9.777    9.831   10.510   10.771   11.158   11.577   13.459   13.648
   14.274   14.585   17.347   17.414
            0.500000  0.000000  0.655760
  -61.434  -60.688  -31.869  -31.390  -31.111  -30.829  -30.738  -30.466   -6.376   -6.369
   -5.818   -5.818    5.067    5.369    5.984    5.988    7.405    7.426    7.992    8.197
    8.426    8.478    9.793    9.860   10.473   10.742   11.125   11.547   13.466   13.660
   14.263   14.576   17.361   17.427
            0.500000  0.000000  0.673016
  -61.434  -60.688  -31.869  -31.392  -31.111  -30.829  -30.740  -30.465   -6.378   -6.371
   -5.812   -5.811    5.050    5.352    5.988    5.990    7.435    7.455    8.014    8.212
    8.415    8.462    9.809    9.885   10.441   10.716   11.099   11.524   13.473   13.669
   14.255   14.569   17.372   17.437
            0.500000  0.000000  0.690273
  -61.434  -60.688  -31.869  -31.393  -31.111  -30.829  -30.741  -30.465   -6.380   -6.373
   -5.807   -5.807    5.037    5.340    5.991    5.992    7.456    7.476    8.033    8.224
    8.405    8.448    9.822    9.904   10.416   10.697   11.080   11.506   13.477   13.675
   14.249   14.564   17.380   17.444
            0.500000  0.000000  0.707530
  -61.434  -60.688  -31.869  -31.393  -31.111  -30.829  -30.742  -30.465   -6.381   -6.374
   -5.804   -5.804    5.029    5.333    5.993    5.993    7.469    7.489    8.045    8.233
    8.399    8.438    9.831    9.916   10.400   10.684   11.068   11.496   13.480   13.679
   14.246   14.561   17.384   17.449
            0.500000  0.000000  0.724787
  -61.434  -60.688  -31.869  -31.394  -31.111  -30.829  -30.742  -30.465   -6.381   -6.374
   -5.804   -5.803    5.027    5.330    5.994    5.994    7.474    7.493    8.049    8.236
    8.396    8.435    9.834    9.921   10.394   10.680   11.064   11.492   13.480   13.680
   14.245   14.560   17.386   17.450
            0.483333  0.000000  0.724787
  -61.434  -60.688  -31.869  -31.394  -31.111  -30.829  -30.742  -30.465   -6.381   -6.374
   -5.804   -5.803    5.028    5.331    5.993    5.994    7.472    7.493    8.046    8.228
    8.405    8.439    9.822    9.903   10.411   10.692   11.064   11.492   13.480   13.681
   14.246   14.562   17.383   17.447
            0.466667  0.000000  0.724787
  -61.434  -60.688  -31.869  -31.394  -31.111  -30.829  -30.742  -30.465   -6.380   -6.373
   -5.805   -5.804    5.032    5.334    5.992    5.993    7.469    7.491    8.036    8.209
    8.430    8.452    9.787    9.857   10.456   10.727   11.064   11.492   13.478   13.681
   14.251   14.565   17.374   17.438
            0.450000  0.000000  0.724787
  -61.434  -60.688  -31.869  -31.394  -31.111  -30.829  -30.742  -30.465   -6.378   -6.371
   -5.807   -5.806    5.039    5.340    5.990    5.992    7.462    7.488    8.023    8.185
    8.463    8.471    9.734    9.793   10.517   10.778   11.064   11.492   13.475   13.681
   14.259   14.571   17.359   17.423
            0.433333  0.000000  0.724787
  -61.434  -60.688  -31.869  -31.393  -31.111  -30.829  -30.742  -30.465   -6.376   -6.369
   -5.809   -5.809    5.049    5.347    5.988    5.991    7.454    7.483    8.006    8.158
    8.495    8.500    9.668    9.719   10.587   10.843   11.064   11.492   13.471   13.682
   14.270   14.580   17.339   17.402
            0.416667  0.000000  0.724787
  -61.434  -60.688  -31.869  -31.393  -31.110  -30.829  -30.742  -30.465   -6.374   -6.367
   -5.812   -5.812    5.061    5.355    5.985    5.990    7.443    7.477    7.988    8.132
    8.522    8.541    9.593    9.641   10.662   10.916   11.064   11.491   13.465   13.683
   14.284   14.590   17.313   17.375
            0.400000  0.000000  0.724787
  -61.434  -60.688  -31.869  -31.393  -31.110  -30.829  -30.742  -30.465   -6.370   -6.363
   -5.816   -5.816    5.076    5.365    5.981    5.989    7.431    7.470    7.969    8.106
    8.550    8.583    9.512    9.561   10.738   10.994   11.064   11.491   13.458   13.684
   14.302   14.604   17.281   17.343
            0.383333  0.000000  0.724787
  -61.434  -60.688  -31.869  -31.393  -31.110  -30.829  -30.742  -30.465   -6.366   -6.360
   -5.820   -5.820    5.093    5.377    5.977    5.989    7.417    7.461    7.951    8.081
    8.577    8.627    9.427    9.482   10.814   11.064   11.076   11.490   13.450   13.685
   14.322   14.619   17.244   17.305
            0.366667  0.000000  0.724787
  -61.434  -60.688  -31.869  -31.393  -31.110  -30.829  -30.742  -30.465   -6.362   -6.355
   -5.826   -5.825    5.112    5.389    5.973    5.991    7.401    7.451    7.935    8.056
    8.600    8.671    9.341    9.407   10.888   11.065   11.160   11.490   13.441   13.687
   14.346   14.637   17.202   17.262
            0.350000  0.000000  0.724787
  -61.434  -60.688  -31.869  -31.393  -31.110  -30.829  -30.742  -30.465   -6.357   -6.351
   -5.831   -5.831    5.134    5.402    5.968    5.994    7.384    7.440    7.919    8.033
    8.617    8.715    9.253    9.339   10.958   11.069   11.245   11.490   13.430   13.689
   14.372   14.657   17.155   17.214
            0.333333  0.000000  0.724787
  -61.434  -60.688  -31.869  -31.393  -31.110  -30.829  -30.742  -30.465   -6.352   -6.345
   -5.838   -5.837    5.158    5.415    5.964    5.999    7.367    7.427    7.906    8.011
    8.624    8.759    9.166    9.280   11.015   11.085   11.328   11.491   13.418   13.691
   14.402   14.680   17.104   17.162
            0.316667  0.000000  0.724787
  -61.434  -60.688  -31.869  -31.393  -31.110  -30.829  -30.742  -30.465   -6.346   -6.340
   -5.845   -5.844    5.183    5.427    5.959    6.007    7.348    7.413    7.894    7.989
    8.617    8.801    9.082    9.236   11.039   11.131   11.407   11.497   13.405   13.694
   14.434   14.705   17.049   17.105
            0.300000  0.000000  0.724787
  -61.434  -60.688  -31.869  -31.393  -31.110  -30.829  -30.742  -30.465   -6.339   -6.334
   -5.852   -5.851    5.210    5.438    5.955    6.018    7.328    7.398    7.884    7.969
    8.594    8.837    9.004    9.207   11.045   11.193   11.459   11.529   13.390   13.697
   14.469   14.732   16.990   17.044
            0.283333  0.000000  0.724787
  -61.434  -60.688  -31.869  -31.393  -31.110  -30.829  -30.742  -30.465   -6.333   -6.327
   -5.860   -5.858    5.239    5.448    5.952    6.034    7.308    7.382    7.875    7.949
    8.554    8.844    8.955    9.196   11.046   11.256   11.471   11.600   13.374   13.701
   14.507   14.761   16.928   16.980
            0.266667  0.000000  0.724787
  -61.434  -60.688  -31.869  -31.393  -31.110  -30.829  -30.742  -30.465   -6.325   -6.320
   -5.868   -5.866    5.268    5.456    5.949    6.053    7.287    7.365    7.868    7.930
    8.499    8.792    8.965    9.199   11.046   11.318   11.473   11.680   13.357   13.705
   14.548   14.793   16.862   16.913
            0.250000  0.000000  0.724787
  -61.434  -60.688  -31.869  -31.393  -31.110  -30.829  -30.742  -30.465   -6.318   -6.313
   -5.877   -5.874    5.298    5.463    5.948    6.078    7.265    7.348    7.862    7.911
    8.434    8.719    8.999    9.212   11.045   11.377   11.473   11.760   13.338   13.709
   14.591   14.827   16.794   16.843
            0.233333  0.000000  0.724787
  -61.434  -60.688  -31.868  -31.393  -31.110  -30.829  -30.742  -30.465   -6.310   -6.305
   -5.886   -5.883    5.328    5.467    5.949    6.107    7.243    7.330    7.856    7.894
    8.362    8.644    9.037    9.232   11.044   11.434   11.472   11.840   13.318   13.714
   14.637   14.864   16.723   16.770
            0.216667  0.000000  0.724787
  -61.434  -60.688  -31.868  -31.393  -31.110  -30.829  -30.743  -30.465   -6.302   -6.298
   -5.895   -5.892    5.357    5.470    5.951    6.141    7.219    7.312    7.851    7.877
    8.286    8.571    9.074    9.257   11.043   11.470   11.487   11.918   13.297   13.720
   14.686   14.902   16.650   16.695
            0.200000  0.000000  0.724787
  -61.434  -60.688  -31.868  -31.393  -31.110  -30.829  -30.743  -30.465   -6.294   -6.290
   -5.904   -5.900    5.386    5.470    5.956    6.180    7.194    7.293    7.845    7.860
    8.209    8.501    9.110    9.284   11.041   11.469   11.536   11.994   13.274   13.725
   14.737   14.943   16.576   16.619
            0.183333  0.000000  0.724787
  -61.434  -60.688  -31.868  -31.393  -31.110  -30.829  -30.743  -30.465   -6.285   -6.282
   -5.914   -5.909    5.412    5.470    5.965    6.223    7.169    7.274    7.838    7.845
    8.133    8.435    9.145    9.312   11.039   11.467   11.582   12.068   13.250   13.731
   14.790   14.986   16.500   16.541
            0.166667  0.000000  0.724787
  -61.434  -60.688  -31.868  -31.393  -31.110  -30.830  -30.743  -30.465   -6.277   -6.274
   -5.923   -5.918    5.437    5.468    5.976    6.270    7.142    7.254    7.828    7.831
    8.062    8.374    9.177    9.340   11.038   11.466   11.624   12.139   13.225   13.737
   14.845   15.032   16.423   16.462
            0.150000  0.000000  0.724787
  -61.434  -60.688  -31.868  -31.393  -31.110  -30.830  -30.743  -30.465   -6.269   -6.266
   -5.932   -5.927    5.459    5.465    5.991    6.321    7.113    7.233    7.812    7.817
    7.999    8.317    9.207    9.367   11.036   11.464   11.662   12.208   13.198   13.744
   14.902   15.080   16.346   16.383
            0.133333  0.000000  0.724787
  -61.434  -60.688  -31.868  -31.393  -31.110  -30.830  -30.743  -30.465   -6.260   -6.258
   -5.941   -5.935    5.462    5.478    6.008    6.375    7.084    7.210    7.784    7.805
    7.951    8.267    9.235    9.392   11.034   11.462   11.696   12.274   13.170   13.750
   14.960   15.130   16.269   16.304
            0.116667  0.000000  0.724787
  -61.434  -60.688  -31.868  -31.392  -31.110  -30.830  -30.743  -30.465   -6.253   -6.251
   -5.950   -5.943    5.458    5.494    6.029    6.432    7.055    7.185    7.743    7.794
    7.921    8.222    9.260    9.415   11.033   11.461   11.726   12.337   13.142   13.756
   15.020   15.182   16.192   16.225
            0.100000  0.000000  0.724787
  -61.434  -60.688  -31.868  -31.392  -31.110  -30.830  -30.743  -30.465   -6.245   -6.244
   -5.958   -5.951    5.455    5.507    6.051    6.492    7.025    7.156    7.694    7.784
    7.905    8.183    9.281    9.436   11.031   11.459   11.752   12.396   13.113   13.761
   15.080   15.236   16.115   16.148
            0.083333  0.000000  0.724787
  -61.434  -60.688  -31.868  -31.392  -31.110  -30.830  -30.743  -30.465   -6.239   -6.238
   -5.965   -5.958    5.452    5.518    6.074    6.554    6.997    7.123    7.646    7.776
    7.896    8.150    9.300    9.454   11.030   11.458   11.774   12.450   13.084   13.766
   15.140   15.292   16.040   16.074
            0.066667  0.000000  0.724787
  -61.434  -60.688  -31.868  -31.392  -31.110  -30.830  -30.743  -30.465   -6.233   -6.233
   -5.972   -5.963    5.449    5.526    6.096    6.617    6.971    7.084    7.603    7.769
    7.891    8.123    9.315    9.469   11.029   11.457   11.792   12.499   13.056   13.770
   15.198   15.348   15.968   16.004
            0.050000  0.000000  0.724787
  -61.434  -60.688  -31.868  -31.392  -31.110  -30.830  -30.743  -30.465   -6.228   -6.228
   -5.977   -5.968    5.446    5.531    6.115    6.681    6.948    7.039    7.568    7.764
    7.888    8.102    9.327    9.481   11.028   11.456   11.806   12.542   13.030   13.774
   15.252   15.404   15.899   15.940
            0.033333  0.000000  0.724787
  -61.434  -60.688  -31.868  -31.392  -31.110  -30.830  -30.743  -30.465   -6.225   -6.224
   -5.981   -5.972    5.444    5.535    6.131    6.746    6.931    6.989    7.543    7.760
    7.886    8.087    9.336    9.490   11.027   11.455   11.816   12.575   13.008   13.776
   15.298   15.457   15.837   15.888
            0.016667  0.000000  0.724787
  -61.434  -60.688  -31.868  -31.392  -31.110  -30.830  -30.743  -30.465   -6.223   -6.222
   -5.983   -5.974    5.443    5.537    6.141    6.809    6.919    6.933    7.527    7.758
    7.885    8.078    9.341    9.495   11.027   11.455   11.822   12.597   12.994   13.778
   15.330   15.500   15.788   15.851
            0.000000  0.000000  0.724787
  -61.434  -60.688  -31.868  -31.392  -31.110  -30.830  -30.743  -30.465   -6.222   -6.221
   -5.984   -5.975    5.443    5.538    6.145    6.862    6.884    6.915    7.522    7.757
    7.885    8.075    9.343    9.497   11.027   11.455   11.824   12.605   12.988   13.778
   15.342   15.518   15.769   15.838
            0.000000  0.000000  0.707530
  -61.434  -60.688  -31.868  -31.392  -31.110  -30.830  -30.743  -30.465   -6.244   -6.201
   -5.983   -5.974    5.440    5.540    6.144    6.858    6.867    6.933    7.506    7.762
    7.886    8.092    9.343    9.496   11.026   11.457   11.821   12.603   12.992   13.776
   15.344   15.515   15.769   15.843
            0.000000  0.000000  0.690273
  -61.434  -60.688  -31.868  -31.391  -31.110  -30.830  -30.742  -30.465   -6.269   -6.183
   -5.982   -5.972    5.434    5.544    6.143    6.839    6.847    6.960    7.463    7.778
    7.891    8.139    9.341    9.493   11.025   11.463   11.812   12.598   13.001   13.769
   15.349   15.507   15.771   15.857
            0.000000  0.000000  0.673016
  -61.434  -60.688  -31.868  -31.390  -31.110  -30.830  -30.741  -30.465   -6.295   -6.166
   -5.979   -5.969    5.423    5.550    6.141    6.811    6.829    6.990    7.402    7.803
    7.898    8.205    9.338    9.488   11.023   11.472   11.798   12.589   13.017   13.757
   15.356   15.494   15.775   15.880
            0.000000  0.000000  0.655760
  -61.434  -60.688  -31.868  -31.389  -31.110  -30.830  -30.739  -30.466   -6.323   -6.152
   -5.974   -5.965    5.409    5.557    6.139    6.784    6.805    7.020    7.330    7.836
    7.908    8.282    9.334    9.482   11.021   11.483   11.779   12.576   13.038   13.740
   15.367   15.478   15.780   15.910
            0.000000  0.000000  0.638503
  -61.434  -60.688  -31.868  -31.387  -31.111  -30.830  -30.737  -30.466   -6.353   -6.139
   -5.969   -5.960    5.393    5.563    6.136    6.757    6.777    7.052    7.254    7.876
    7.921    8.368    9.329    9.473   11.019   11.497   11.755   12.560   13.064   13.718
   15.381   15.459   15.786   15.947
            0.000000  0.000000  0.621246
  -61.434  -60.689  -31.869  -31.385  -31.111  -30.830  -30.735  -30.466   -6.385   -6.129
   -5.962   -5.953    5.375    5.567    6.132    6.733    6.745    7.086    7.174    7.922
    7.936    8.457    9.322    9.463   11.018   11.511   11.728   12.541   13.095   13.693
   15.397   15.438   15.795   15.991
            0.000000  0.000000  0.603989
  -61.435  -60.689  -31.869  -31.382  -31.112  -30.830  -30.732  -30.467   -6.418   -6.121
   -5.954   -5.946    5.354    5.569    6.128    6.710    6.713    7.093    7.123    7.954
    7.974    8.550    9.314    9.451   11.017   11.526   11.698   12.518   13.129   13.663
   15.414   15.417   15.805   16.040
            0.000000  0.000000  0.586732
  -61.435  -60.689  -31.869  -31.379  -31.112  -30.830  -30.729  -30.467   -6.452   -6.115
   -5.946   -5.937    5.330    5.567    6.123    6.675    6.695    7.013    7.163    7.976
    8.030    8.645    9.305    9.436   11.018   11.540   11.665   12.492   13.166   13.629
   15.388   15.439   15.817   16.094
            0.000000  0.000000  0.569475
  -61.435  -60.689  -31.869  -31.375  -31.113  -30.830  -30.725  -30.468   -6.487   -6.111
   -5.936   -5.927    5.305    5.560    6.117    6.638    6.684    6.933    7.205    8.000
    8.090    8.741    9.294    9.420   11.020   11.553   11.630   12.462   13.206   13.592
   15.360   15.463   15.831   16.154
            0.000000  0.000000  0.552219
  -61.435  -60.689  -31.870  -31.372  -31.114  -30.831  -30.721  -30.469   -6.524   -6.109
   -5.925   -5.917    5.276    5.547    6.111    6.601    6.679    6.853    7.251    8.026
    8.153    8.837    9.281    9.402   11.023   11.564   11.593   12.429   13.248   13.551
   15.329   15.491   15.847   16.219
            0.000000  0.000000  0.534962
  -61.435  -60.690  -31.870  -31.368  -31.115  -30.831  -30.717  -30.469   -6.561   -6.109
   -5.913   -5.905    5.246    5.529    6.105    6.563    6.682    6.775    7.301    8.056
    8.218    8.934    9.268    9.382   11.027   11.555   11.573   12.393   13.291   13.507
   15.296   15.521   15.866   16.288
            0.000000  0.000000  0.517705
  -61.436  -60.690  -31.870  -31.363  -31.116  -30.831  -30.712  -30.470   -6.600   -6.110
   -5.900   -5.893    5.213    5.503    6.099    6.526    6.694    6.698    7.355    8.088
    8.286    9.031    9.252    9.360   11.033   11.517   11.580   12.354   13.335   13.459
   15.261   15.553   15.886   16.362
            0.000000  0.000000  0.500448
  -61.436  -60.690  -31.870  -31.359  -31.117  -30.831  -30.707  -30.471   -6.639   -6.114
   -5.887   -5.879    5.178    5.471    6.092    6.489    6.623    6.714    7.413    8.123
    8.356    9.127    9.236    9.337   11.039   11.478   11.583   12.311   13.380   13.410
   15.223   15.588   15.910   16.439
            0.000000  0.000000  0.483191
  -61.436  -60.690  -31.871  -31.354  -31.118  -30.831  -30.702  -30.472   -6.678   -6.118
   -5.873   -5.865    5.141    5.433    6.085    6.454    6.549    6.742    7.475    8.160
    8.428    9.215    9.225    9.311   11.046   11.440   11.583   12.266   13.357   13.426
   15.183   15.625   15.936   16.520
            0.000000  0.000000  0.465934
  -61.436  -60.691  -31.871  -31.348  -31.119  -30.832  -30.697  -30.473   -6.718   -6.125
   -5.858   -5.851    5.102    5.389    6.078    6.419    6.478    6.779    7.542    8.200
    8.501    9.197    9.284    9.318   11.054   11.401   11.580   12.217   13.302   13.472
   15.140   15.664   15.965   16.605
            0.000000  0.000000  0.448678
  -61.437  -60.691  -31.872  -31.343  -31.120  -30.832  -30.691  -30.474   -6.758   -6.132
   -5.842   -5.835    5.061    5.341    6.071    6.385    6.408    6.824    7.612    8.241
    8.576    9.177    9.256    9.412   11.061   11.362   11.574   12.166   13.245   13.518
   15.095   15.706   15.996   16.691
            0.000000  0.000000  0.431421
  -61.437  -60.691  -31.872  -31.338  -31.121  -30.832  -30.685  -30.475   -6.798   -6.141
   -5.826   -5.820    5.019    5.288    6.065    6.340    6.352    6.875    7.687    8.285
    8.651    9.155    9.226    9.504   11.069   11.324   11.565   12.112   13.186   13.563
   15.047   15.750   16.030   16.780
            0.000000  0.000000  0.414164
  -61.437  -60.692  -31.872  -31.332  -31.122  -30.832  -30.679  -30.476   -6.838   -6.151
   -5.810   -5.804    4.977    5.232    6.058    6.275    6.321    6.933    7.765    8.331
    8.727    9.132    9.196    9.595   11.077   11.287   11.552   12.056   13.125   13.608
   14.997   15.796   16.067   16.870
            0.000000  0.000000  0.396907
  -61.438  -60.692  -31.873  -31.326  -31.123  -30.833  -30.673  -30.477   -6.877   -6.162
   -5.793   -5.787    4.933    5.175    6.052    6.212    6.291    6.996    7.847    8.379
    8.802    9.109    9.166    9.685   11.084   11.251   11.536   11.997   13.062   13.653
   14.944   15.844   16.106   16.961
            0.000000  0.000000  0.379650
  -61.438  -60.692  -31.873  -31.320  -31.124  -30.833  -30.667  -30.478   -6.916   -6.174
   -5.776   -5.771    4.889    5.115    6.046    6.151    6.262    7.064    7.932    8.427
    8.874    9.086    9.139    9.772   11.090   11.215   11.517   11.935   12.998   13.696
   14.889   15.894   16.148   17.053
            0.000000  0.000000  0.362393
  -61.438  -60.693  -31.874  -31.314  -31.125  -30.833  -30.661  -30.479   -6.955   -6.187
   -5.759   -5.754    4.845    5.055    6.040    6.093    6.235    7.136    8.020    8.475
    8.938    9.064    9.121    9.858   11.095   11.181   11.495   11.872   12.932   13.739
   14.833   15.945   16.193   17.144
            0.000000  0.000000  0.345137
  -61.439  -60.693  -31.874  -31.309  -31.126  -30.834  -30.655  -30.480   -6.993   -6.200
   -5.741   -5.737    4.802    4.995    6.033    6.038    6.210    7.212    8.112    8.523
    8.973    9.044    9.130    9.940   11.098   11.148   11.471   11.806   12.865   13.781
   14.775   15.998   16.239   17.235
            0.000000  0.000000  0.327880
  -61.439  -60.693  -31.874  -31.303  -31.128  -30.834  -30.649  -30.481   -7.030   -6.214
   -5.724   -5.720    4.758    4.935    5.982    6.030    6.186    7.291    8.205    8.568
    8.969    9.028    9.179   10.021   11.100   11.116   11.444   11.738   12.797   13.821
   14.715   16.052   16.288   17.324
            0.000000  0.000000  0.310623
  -61.439  -60.694  -31.875  -31.297  -31.129  -30.834  -30.643  -30.482   -7.066   -6.228
   -5.707   -5.703    4.716    4.876    5.931    6.026    6.164    7.372    8.301    8.608
    8.945    9.019    9.249   10.098   11.085   11.099   11.415   11.668   12.728   13.860
   14.654   16.108   16.338   17.412
            0.000000  0.000000  0.293366
  -61.440  -60.694  -31.875  -31.291  -31.130  -30.834  -30.637  -30.483   -7.101   -6.242
   -5.690   -5.687    4.674    4.819    5.883    6.022    6.143    7.455    8.399    8.639
    8.913    9.020    9.326   10.173   11.056   11.095   11.385   11.596   12.658   13.897
   14.593   16.164   16.390   17.498
            0.000000  0.000000  0.276109
  -61.440  -60.694  -31.876  -31.286  -31.131  -30.835  -30.631  -30.484   -7.134   -6.256
   -5.674   -5.671    4.633    4.763    5.837    6.019    6.123    7.538    8.499    8.659
    8.878    9.035    9.406   10.244   11.028   11.087   11.355   11.523   12.588   13.933
   14.531   16.221   16.443   17.581
            0.000000  0.000000  0.258852
  -61.440  -60.695  -31.876  -31.280  -31.132  -30.835  -30.625  -30.485   -7.167   -6.270
   -5.658   -5.655    4.594    4.709    5.794    6.016    6.106    7.623    8.600    8.665
    8.843    9.064    9.487   10.312   11.002   11.075   11.324   11.448   12.517   13.968
   14.470   16.278   16.497   17.660
            0.000000  0.000000  0.241596
  -61.441  -60.695  -31.876  -31.275  -31.133  -30.835  -30.619  -30.486   -7.197   -6.283
   -5.642   -5.640    4.557    4.657    5.753    6.014    6.089    7.707    8.661    8.703
    8.808    9.107    9.568   10.376   10.978   11.056   11.295   11.371   12.445   14.000
   14.409   16.335   16.551   17.736
            0.000000  0.000000  0.224339
  -61.441  -60.695  -31.877  -31.270  -31.134  -30.835  -30.614  -30.487   -7.227   -6.297
   -5.627   -5.625    4.521    4.609    5.715    6.012    6.074    7.790    8.648    8.774
    8.805    9.160    9.649   10.436   10.955   11.031   11.268   11.295   12.374   14.031
   14.349   16.392   16.606   17.809
            0.000000  0.000000  0.207082
  -61.441  -60.696  -31.877  -31.265  -31.135  -30.836  -30.609  -30.488   -7.254   -6.310
   -5.613   -5.611    4.488    4.562    5.680    6.010    6.061    7.872    8.631    8.740
    8.909    9.221    9.729   10.492   10.935   10.999   11.212   11.249   12.303   14.059
   14.291   16.447   16.659   17.877
            0.000000  0.000000  0.189825
  -61.442  -60.696  -31.877  -31.261  -31.136  -30.836  -30.604  -30.489   -7.280   -6.322
   -5.600   -5.598    4.456    4.519    5.647    6.009    6.049    7.952    8.610    8.708
    9.012    9.288    9.808   10.543   10.917   10.959   11.133   11.227   12.232   14.086
   14.235   16.501   16.712   17.940
            0.000000  0.000000  0.172568
  -61.442  -60.696  -31.878  -31.257  -31.136  -30.836  -30.600  -30.489   -7.303   -6.333
   -5.587   -5.586    4.427    4.480    5.617    6.009    6.038    8.029    8.589    8.678
    9.115    9.358    9.886   10.589   10.902   10.913   11.052   11.210   12.163   14.110
   14.181   16.552   16.763   17.998
            0.000000  0.000000  0.155311
  -61.442  -60.696  -31.878  -31.253  -31.137  -30.836  -30.596  -30.490   -7.325   -6.344
   -5.576   -5.574    4.400    4.443    5.590    6.008    6.029    8.102    8.567    8.649
    9.217    9.431    9.961   10.630   10.862   10.889   10.971   11.194   12.095   14.130
   14.134   16.602   16.811   18.052
            0.000000  0.000000  0.138055
  -61.442  -60.697  -31.878  -31.249  -31.138  -30.836  -30.592  -30.491   -7.345   -6.354
   -5.565   -5.564    4.376    4.410    5.566    6.008    6.020    8.171    8.546    8.623
    9.318    9.506   10.034   10.665   10.806   10.880   10.889   11.180   12.029   14.085
   14.153   16.648   16.857   18.099
            0.000000  0.000000  0.120798
  -61.442  -60.697  -31.878  -31.246  -31.138  -30.836  -30.589  -30.491   -7.362   -6.363
   -5.555   -5.555    4.354    4.381    5.545    6.008    6.013    8.234    8.527    8.599
    9.417    9.583   10.103   10.693   10.747   10.806   10.875   11.167   11.967   14.042
   14.171   16.690   16.899   18.141
            0.000000  0.000000  0.103541
  -61.443  -60.697  -31.879  -31.243  -31.139  -30.837  -30.586  -30.492   -7.377   -6.371
   -5.547   -5.546    4.335    4.355    5.526    6.007    6.009    8.291    8.509    8.578
    9.513    9.661   10.167   10.684   10.713   10.725   10.874   11.155   11.908   14.005
   14.187   16.728   16.937   18.176
            0.000000  0.000000  0.086284
  -61.443  -60.697  -31.879  -31.241  -31.139  -30.837  -30.583  -30.492   -7.390   -6.378
   -5.540   -5.539    4.319    4.333    5.510    6.002    6.009    8.341    8.493    8.559
    9.605    9.739   10.225   10.620   10.642   10.727   10.878   11.144   11.854   13.972
   14.200   16.761   16.971   18.205
            0.000000  0.000000  0.069027
  -61.443  -60.697  -31.879  -31.239  -31.140  -30.837  -30.581  -30.492   -7.401   -6.383
   -5.534   -5.533    4.305    4.316    5.497    5.998    6.009    8.383    8.480    8.544
    9.693    9.817   10.276   10.554   10.565   10.735   10.884   11.135   11.807   13.945
   14.211   16.790   16.999   18.226
            0.000000  0.000000  0.051770
  -61.443  -60.697  -31.879  -31.237  -31.140  -30.837  -30.580  -30.493   -7.409   -6.388
   -5.530   -5.529    4.295    4.302    5.487    5.995    6.010    8.416    8.470    8.532
    9.772    9.892   10.319   10.481   10.498   10.739   10.891   11.128   11.768   13.923
   14.220   16.812   17.022   18.241
            0.000000  0.000000  0.034514
  -61.443  -60.697  -31.879  -31.236  -31.140  -30.837  -30.578  -30.493   -7.415   -6.391
   -5.526   -5.526    4.287    4.292    5.480    5.993    6.010    8.441    8.462    8.524
    9.840    9.962   10.350   10.410   10.443   10.741   10.897   11.122   11.738   13.907
   14.226   16.828   17.038   18.249
            0.000000  0.000000  0.017257
  -61.443  -60.697  -31.879  -31.236  -31.140  -30.837  -30.578  -30.493   -7.419   -6.393
   -5.524   -5.524    4.282    4.286    5.476    5.991    6.010    8.456    8.457    8.518
    9.887   10.018   10.354   10.370   10.404   10.741   10.901   11.119   11.720   13.898
   14.229   16.838   17.048   18.253
            0.000000  0.000000  0.000000
  -61.443  -60.697  -31.879  -31.235  -31.141  -30.837  -30.577  -30.493   -7.420   -6.393
   -5.524   -5.523    4.281    4.284    5.474    5.991    6.010    8.456    8.461    8.517
    9.905   10.042   10.330   10.377   10.389   10.742   10.902   11.118   11.713   13.895
   14.231   16.841   17.051   18.253
            0.011905  0.011905  0.000000
  -61.443  -60.697  -31.879  -31.235  -31.140  -30.837  -30.577  -30.493   -7.419   -6.393
   -5.525   -5.523    4.281    4.288    5.476    5.992    6.010    8.455    8.460    8.509
    9.901   10.042   10.321   10.339   10.421   10.753   10.901   11.122   11.720   13.899
   14.229   16.838   17.051   18.252
            0.023810  0.023810  0.000000
  -61.443  -60.697  -31.879  -31.235  -31.140  -30.837  -30.577  -30.493   -7.416   -6.393
   -5.530   -5.524    4.281    4.301    5.482    5.994    6.010    8.452    8.458    8.488
    9.888   10.042   10.291   10.296   10.454   10.783   10.898   11.134   11.739   13.912
   14.223   16.830   17.051   18.245
            0.035714  0.035714  0.000000
  -61.443  -60.697  -31.879  -31.235  -31.140  -30.837  -30.577  -30.493   -7.411   -6.391
   -5.538   -5.525    4.281    4.321    5.491    5.997    6.009    8.447    8.453    8.456
    9.867   10.042   10.239   10.259   10.484   10.827   10.894   11.154   11.770   13.933
   14.214   16.816   17.051   18.235
            0.047619  0.047619  0.000000
  -61.443  -60.697  -31.879  -31.235  -31.140  -30.837  -30.577  -30.493   -7.404   -6.390
   -5.550   -5.526    4.281    4.350    5.505    6.001    6.008    8.403    8.442    8.452
    9.840   10.042   10.182   10.217   10.510   10.869   10.899   11.179   11.812   13.962
   14.201   16.797   17.051   18.220
            0.059524  0.059524  0.000000
  -61.443  -60.697  -31.879  -31.235  -31.140  -30.837  -30.577  -30.493   -7.395   -6.387
   -5.565   -5.528    4.282    4.387    5.522    6.006    6.007    8.343    8.434    8.447
    9.807   10.043   10.121   10.172   10.533   10.870   10.948   11.208   11.863   13.999
   14.185   16.772   17.051   18.201
            0.071429  0.071429  0.000000
  -61.443  -60.697  -31.879  -31.235  -31.140  -30.838  -30.578  -30.493   -7.385   -6.385
   -5.582   -5.530    4.282    4.431    5.542    6.005    6.013    8.272    8.424    8.441
    9.771   10.044   10.058   10.126   10.554   10.858   11.012   11.239   11.922   14.041
   14.166   16.743   17.051   18.176
            0.083333  0.083333  0.000000
  -61.443  -60.697  -31.879  -31.235  -31.140  -30.838  -30.578  -30.493   -7.372   -6.382
   -5.602   -5.533    4.282    4.482    5.567    6.004    6.020    8.191    8.413    8.434
    9.732    9.992   10.044   10.079   10.574   10.844   11.080   11.272   11.986   14.090
   14.144   16.711   17.051   18.148
            0.095238  0.095238  0.000000
  -61.443  -60.697  -31.879  -31.235  -31.139  -30.838  -30.578  -30.493   -7.358   -6.379
   -5.625   -5.536    4.283    4.539    5.595    6.002    6.028    8.103    8.400    8.427
    9.691    9.925   10.034   10.045   10.591   10.827   11.150   11.306   12.055   14.119
   14.143   16.674   17.050   18.114
            0.107143  0.107143  0.000000
  -61.443  -60.697  -31.879  -31.235  -31.139  -30.839  -30.578  -30.493   -7.342   -6.376
   -5.649   -5.539    4.283    4.603    5.626    6.000    6.036    8.007    8.386    8.420
    9.651    9.857    9.989   10.046   10.606   10.807   11.222   11.338   12.126   14.093
   14.201   16.635   17.050   18.076
            0.119048  0.119048  0.000000
  -61.443  -60.697  -31.879  -31.235  -31.139  -30.839  -30.578  -30.493   -7.325   -6.373
   -5.675   -5.542    4.284    4.672    5.661    5.997    6.045    7.908    8.371    8.413
    9.610    9.790    9.946   10.047   10.620   10.785   11.296   11.370   12.198   14.065
   14.262   16.593   17.050   18.033
            0.130952  0.130952  0.000000
  -61.443  -60.697  -31.879  -31.235  -31.139  -30.839  -30.578  -30.493   -7.306   -6.369
   -5.702   -5.546    4.284    4.745    5.700    5.995    6.054    7.804    8.354    8.405
    9.571    9.722    9.904   10.048   10.632   10.760   11.370   11.399   12.270   14.035
   14.325   16.551   17.049   17.986
            0.142857  0.142857  0.000000
  -61.443  -60.697  -31.879  -31.235  -31.138  -30.839  -30.578  -30.493   -7.286   -6.367
   -5.729   -5.550    4.285    4.822    5.742    5.992    6.062    7.699    8.336    8.399
    9.534    9.656    9.863   10.050   10.643   10.732   11.426   11.445   12.340   14.005
   14.391   16.508   17.049   17.934
            0.154762  0.154762  0.000000
  -61.443  -60.697  -31.879  -31.235  -31.138  -30.840  -30.578  -30.493   -7.265   -6.365
   -5.757   -5.554    4.286    4.901    5.787    5.989    6.070    7.595    8.317    8.394
    9.499    9.591    9.824   10.051   10.652   10.702   11.450   11.520   12.408   13.974
   14.459   16.465   17.049   17.878
            0.166667  0.166667  0.000000
  -61.443  -60.697  -31.879  -31.235  -31.138  -30.840  -30.578  -30.493   -7.243   -6.364
   -5.784   -5.559    4.286    4.980    5.836    5.986    6.077    7.492    8.298    8.390
    9.466    9.527    9.787   10.052   10.659   10.670   11.470   11.594   12.471   13.943
   14.527   16.424   17.048   17.818
            0.178571  0.178571  0.000000
  -61.443  -60.697  -31.879  -31.235  -31.138  -30.840  -30.578  -30.493   -7.221   -6.364
   -5.810   -5.563    4.287    5.058    5.887    5.983    6.084    7.394    8.277    8.388
    9.435    9.466    9.750   10.054   10.634   10.666   11.487   11.669   12.529   13.912
   14.596   16.386   17.048   17.753
            0.190476  0.190476  0.000000
  -61.443  -60.697  -31.879  -31.235  -31.138  -30.841  -30.578  -30.493   -7.197   -6.366
   -5.834   -5.568    4.287    5.133    5.942    5.980    6.089    7.304    8.256    8.389
    9.406    9.407    9.715   10.055   10.596   10.671   11.501   11.742   12.580   13.882
   14.665   16.352   17.048   17.684
            0.202381  0.202381  0.000000
  -61.443  -60.697  -31.880  -31.235  -31.138  -30.841  -30.578  -30.493   -7.174   -6.370
   -5.856   -5.573    4.288    5.200    5.977    6.000    6.093    7.225    8.235    8.393
    9.349    9.382    9.681   10.057   10.556   10.674   11.510   11.815   12.623   13.853
   14.734   16.322   17.047   17.611
            0.214286  0.214286  0.000000
  -61.443  -60.697  -31.880  -31.235  -31.137  -30.841  -30.578  -30.493   -7.150   -6.378
   -5.874   -5.578    4.289    5.257    5.973    6.060    6.095    7.159    8.213    8.400
    9.295    9.358    9.647   10.058   10.513   10.677   11.515   11.886   12.658   13.825
   14.803   16.297   17.047   17.534
            0.226190  0.226190  0.000000
  -61.443  -60.697  -31.880  -31.235  -31.137  -30.841  -30.578  -30.493   -7.126   -6.388
   -5.888   -5.583    4.289    5.301    5.970    6.095    6.124    7.112    8.191    8.411
    9.243    9.337    9.614   10.060   10.468   10.678   11.517   11.955   12.683   13.800
   14.870   16.279   17.046   17.453
            0.238095  0.238095  0.000000
  -61.443  -60.697  -31.880  -31.235  -31.137  -30.841  -30.578  -30.493   -7.102   -6.402
   -5.897   -5.588    4.290    5.327    5.966    6.094    6.190    7.086    8.169    8.426
    9.195    9.319    9.582   10.062   10.421   10.679   11.514   12.023   12.698   13.776
   14.937   16.268   17.046   17.370
            0.250000  0.250000  0.000000
  -61.443  -60.697  -31.880  -31.235  -31.137  -30.841  -30.578  -30.493   -7.079   -6.419
   -5.902   -5.593    4.290    5.334    5.963    6.091    6.258    7.084    8.148    8.445
    9.150    9.302    9.549   10.063   10.373   10.678   11.507   12.088   12.703   13.755
   15.002   16.264   17.045   17.283
            0.261905  0.261905  0.000000
  -61.443  -60.697  -31.880  -31.235  -31.138  -30.841  -30.578  -30.493   -7.055   -6.439
   -5.902   -5.598    4.291    5.321    5.959    6.087    6.329    7.106    8.126    8.468
    9.108    9.287    9.516   10.065   10.323   10.677   11.495   12.151   12.697   13.737
   15.065   16.267   17.045   17.194
            0.273810  0.273810  0.000000
  -61.443  -60.697  -31.880  -31.235  -31.138  -30.841  -30.578  -30.493   -7.033   -6.461
   -5.899   -5.603    4.291    5.290    5.956    6.080    6.403    7.151    8.105    8.496
    9.071    9.274    9.482   10.067   10.272   10.675   11.480   12.211   12.681   13.721
   15.127   16.278   17.045   17.102
            0.285714  0.285714  0.000000
  -61.443  -60.697  -31.880  -31.235  -31.138  -30.841  -30.578  -30.493   -7.011   -6.486
   -5.891   -5.608    4.292    5.242    5.952    6.072    6.478    7.214    8.085    8.528
    9.038    9.262    9.447   10.068   10.221   10.672   11.460   12.268   12.655   13.709
   15.187   16.295   17.009   17.044
            0.297619  0.297619  0.000000
  -61.443  -60.697  -31.880  -31.235  -31.138  -30.841  -30.578  -30.493   -6.990   -6.512
   -5.881   -5.613    4.292    5.183    5.949    6.063    6.555    7.293    8.065    8.565
    9.010    9.251    9.410   10.070   10.170   10.668   11.436   12.321   12.619   13.699
   15.244   16.319   16.915   17.044
            0.309524  0.309524  0.000000
  -61.443  -60.697  -31.880  -31.235  -31.138  -30.841  -30.578  -30.494   -6.970   -6.539
   -5.868   -5.618    4.292    5.115    5.945    6.053    6.634    7.384    8.047    8.605
    8.989    9.242    9.371   10.072   10.120   10.664   11.408   12.371   12.575   13.693
   15.299   16.349   16.821   17.043
            0.321429  0.321429  0.000000
  -61.443  -60.697  -31.880  -31.235  -31.139  -30.840  -30.578  -30.494   -6.951   -6.566
   -5.853   -5.622    4.293    5.042    5.942    6.041    6.715    7.481    8.029    8.649
    8.973    9.234    9.329   10.071   10.073   10.659   11.375   12.417   12.524   13.690
   15.351   16.382   16.726   17.043
            0.333333  0.333333  0.000000
  -61.443  -60.697  -31.880  -31.235  -31.139  -30.840  -30.578  -30.494   -6.934   -6.593
   -5.837   -5.627    4.293    4.965    5.939    6.029    6.797    7.581    8.013    8.696
    8.966    9.227    9.283   10.025   10.075   10.654   11.338   12.459   12.467   13.689
   15.400   16.420   16.633   17.042
            0.345238  0.345238  0.000000
  -61.443  -60.697  -31.880  -31.235  -31.139  -30.840  -30.578  -30.494   -6.917   -6.619
   -5.819   -5.631    4.293    4.888    5.936    6.017    6.879    7.681    7.998    8.745
    8.968    9.221    9.234    9.981   10.076   10.649   11.297   12.404   12.497   13.692
   15.446   16.460   16.542   17.042
            0.357143  0.357143  0.000000
  -61.443  -60.697  -31.880  -31.235  -31.140  -30.839  -30.578  -30.494   -6.902   -6.645
   -5.801   -5.635    4.293    4.812    5.933    6.004    6.963    7.776    7.984    8.797
    8.982    9.181    9.215    9.941   10.078   10.643   11.251   12.338   12.532   13.696
   15.489   16.453   16.501   17.042
            0.369048  0.369048  0.000000
  -61.443  -60.697  -31.880  -31.235  -31.140  -30.839  -30.578  -30.494   -6.887   -6.669
   -5.783   -5.638    4.294    4.738    5.930    5.991    7.047    7.864    7.973    8.850
    9.008    9.123    9.211    9.904   10.079   10.636   11.202   12.269   12.562   13.703
   15.528   16.368   16.543   17.041
            0.380952  0.380952  0.000000
  -61.443  -60.697  -31.880  -31.235  -31.140  -30.839  -30.578  -30.494   -6.874   -6.692
   -5.765   -5.642    4.294    4.668    5.928    5.979    7.130    7.942    7.964    8.904
    9.047    9.061    9.207    9.871   10.080   10.629   11.148   12.200   12.589   13.711
   15.564   16.288   16.585   17.041
            0.392857  0.392857  0.000000
  -61.443  -60.697  -31.880  -31.235  -31.141  -30.838  -30.578  -30.494   -6.863   -6.713
   -5.747   -5.645    4.294    4.602    5.926    5.967    7.213    7.957    8.008    8.957
    8.995    9.102    9.204    9.842   10.081   10.621   11.091   12.130   12.613   13.720
   15.595   16.213   16.625   17.041
            0.404762  0.404762  0.000000
  -61.443  -60.697  -31.880  -31.235  -31.141  -30.838  -30.578  -30.494   -6.852   -6.733
   -5.731   -5.648    4.294    4.541    5.923    5.956    7.293    7.954    8.061    8.926
    9.009    9.170    9.201    9.817   10.082   10.611   11.031   12.062   12.633   13.730
   15.623   16.144   16.663   17.041
            0.416667  0.416667  0.000000
  -61.443  -60.697  -31.880  -31.235  -31.141  -30.838  -30.578  -30.494   -6.843   -6.750
   -5.715   -5.651    4.294    4.486    5.922    5.946    7.370    7.955    8.103    8.853
    9.059    9.199    9.249    9.795   10.083   10.599   10.970   11.997   12.650   13.740
   15.646   16.083   16.699   17.040
            0.428571  0.428571  0.000000
  -61.443  -60.697  -31.880  -31.235  -31.142  -30.838  -30.578  -30.494   -6.835   -6.766
   -5.701   -5.653    4.294    4.438    5.920    5.936    7.442    7.962    8.134    8.779
    9.105    9.198    9.337    9.777   10.084   10.584   10.910   11.937   12.665   13.750
   15.664   16.030   16.731   17.040
            0.440476  0.440476  0.000000
  -61.443  -60.697  -31.880  -31.235  -31.142  -30.837  -30.578  -30.494   -6.829   -6.779
   -5.689   -5.655    4.293    4.396    5.918    5.928    7.506    7.976    8.156    8.704
    9.145    9.199    9.429    9.762   10.085   10.564   10.854   11.883   12.676   13.759
   15.677   15.987   16.759   17.040
            0.452381  0.452381  0.000000
  -61.443  -60.697  -31.880  -31.235  -31.142  -30.837  -30.578  -30.494   -6.823   -6.790
   -5.679   -5.656    4.293    4.362    5.917    5.922    7.560    8.000    8.172    8.629
    9.173    9.207    9.520    9.750   10.085   10.537   10.805   11.836   12.686   13.767
   15.684   15.953   16.783   17.040
            0.464286  0.464286  0.000000
  -61.443  -60.697  -31.880  -31.235  -31.142  -30.837  -30.578  -30.494   -6.819   -6.798
   -5.671   -5.657    4.292    4.336    5.914    5.918    7.602    8.031    8.183    8.557
    9.182    9.227    9.606    9.741   10.086   10.502   10.768   11.798   12.693   13.774
   15.688   15.929   16.801   17.040
            0.476190  0.476190  0.000000
  -61.443  -60.697  -31.880  -31.235  -31.142  -30.837  -30.578  -30.494   -6.816   -6.804
   -5.665   -5.658    4.289    4.319    5.911    5.917    7.630    8.069    8.190    8.492
    9.185    9.246    9.679    9.735   10.086   10.465   10.744   11.770   12.698   13.779
   15.688   15.914   16.815   17.040
            0.488095  0.488095  0.000000
  -61.443  -60.697  -31.880  -31.235  -31.142  -30.837  -30.578  -30.494   -6.815   -6.808
   -5.662   -5.658    4.286    4.310    5.909    5.916    7.647    8.102    8.194    8.443
    9.185    9.259    9.729    9.731   10.086   10.435   10.731   11.752   12.701   13.781
   15.687   15.906   16.823   17.040
            0.500000  0.500000  0.000000
  -61.443  -60.697  -31.880  -31.235  -31.142  -30.837  -30.578  -30.494   -6.814   -6.809
   -5.661   -5.658    4.284    4.308    5.908    5.916    7.652    8.117    8.195    8.424
    9.185    9.264    9.730    9.748   10.086   10.424   10.727   11.746   12.702   13.782
   15.687   15.903   16.826   17.040
            0.500000  0.500000  0.017257
  -61.443  -60.697  -31.880  -31.235  -31.142  -30.837  -30.578  -30.494   -6.813   -6.808
   -5.662   -5.659    4.286    4.310    5.907    5.914    7.653    8.120    8.198    8.425
    9.178    9.255    9.717    9.744   10.100   10.430   10.731   11.750   12.700   13.781
   15.688   15.904   16.823   17.037
            0.500000  0.500000  0.034514
  -61.443  -60.697  -31.880  -31.236  -31.142  -30.837  -30.579  -30.494   -6.810   -6.805
   -5.664   -5.660    4.291    4.315    5.905    5.910    7.656    8.129    8.207    8.427
    9.157    9.230    9.683    9.734   10.135   10.446   10.744   11.759   12.696   13.776
   15.692   15.908   16.814   17.028
            0.500000  0.500000  0.051770
  -61.443  -60.697  -31.880  -31.237  -31.142  -30.837  -30.580  -30.493   -6.806   -6.800
   -5.667   -5.663    4.299    4.324    5.899    5.903    7.660    8.145    8.223    8.432
    9.124    9.189    9.637    9.717   10.183   10.473   10.764   11.775   12.689   13.769
   15.698   15.915   16.798   17.013
            0.500000  0.500000  0.069027
  -61.443  -60.697  -31.880  -31.239  -31.142  -30.837  -30.581  -30.493   -6.799   -6.794
   -5.671   -5.668    4.311    4.336    5.890    5.897    7.667    8.166    8.244    8.438
    9.078    9.136    9.584    9.694   10.239   10.507   10.792   11.797   12.679   13.758
   15.707   15.924   16.777   16.992
            0.500000  0.500000  0.086284
  -61.443  -60.697  -31.880  -31.241  -31.141  -30.837  -30.583  -30.493   -6.791   -6.785
   -5.676   -5.673    4.327    4.351    5.877    5.890    7.675    8.192    8.270    8.446
    9.022    9.071    9.528    9.666   10.300   10.547   10.824   11.824   12.666   13.745
   15.718   15.935   16.750   16.967
            0.500000  0.500000  0.103541
  -61.443  -60.697  -31.880  -31.243  -31.141  -30.836  -30.586  -30.492   -6.780   -6.775
   -5.683   -5.679    4.345    4.370    5.862    5.882    7.685    8.223    8.301    8.455
    8.957    8.998    9.472    9.633   10.362   10.590   10.861   11.856   12.650   13.729
   15.731   15.948   16.718   16.936
            0.500000  0.500000  0.120798
  -61.442  -60.697  -31.879  -31.246  -31.140  -30.836  -30.589  -30.492   -6.768   -6.763
   -5.690   -5.687    4.367    4.392    5.844    5.873    7.697    8.257    8.336    8.467
    8.885    8.918    9.416    9.595   10.426   10.635   10.900   11.892   12.631   13.710
   15.746   15.964   16.681   16.901
            0.500000  0.500000  0.138055
  -61.442  -60.697  -31.879  -31.249  -31.140  -30.836  -30.592  -30.491   -6.755   -6.749
   -5.699   -5.696    4.392    4.418    5.825    5.864    7.711    8.294    8.375    8.480
    8.807    8.833    9.362    9.555   10.490   10.680   10.941   11.932   12.610   13.688
   15.762   15.981   16.639   16.862
            0.500000  0.500000  0.155311
  -61.442  -60.696  -31.879  -31.252  -31.139  -30.836  -30.596  -30.491   -6.739   -6.734
   -5.709   -5.705    4.420    4.446    5.805    5.855    7.727    8.333    8.418    8.494
    8.723    8.744    9.310    9.512   10.555   10.726   10.983   11.975   12.586   13.663
   15.779   15.999   16.594   16.819
            0.500000  0.500000  0.172568
  -61.442  -60.696  -31.879  -31.256  -31.138  -30.836  -30.600  -30.490   -6.723   -6.718
   -5.719   -5.716    4.450    4.478    5.784    5.845    7.744    8.372    8.461    8.511
    8.635    8.651    9.263    9.468   10.619   10.770   11.024   12.020   12.560   13.636
   15.798   16.019   16.545   16.773
            0.500000  0.500000  0.189825
  -61.441  -60.696  -31.878  -31.261  -31.137  -30.836  -30.604  -30.489   -6.704   -6.699
   -5.731   -5.727    4.484    4.513    5.762    5.836    7.763    8.409    8.506    8.528
    8.543    8.556    9.221    9.425   10.683   10.813   11.066   12.068   12.532   13.607
   15.817   16.039   16.493   16.725
            0.500000  0.500000  0.207082
  -61.441  -60.696  -31.878  -31.265  -31.136  -30.836  -30.609  -30.488   -6.685   -6.680
   -5.743   -5.739    4.521    4.550    5.740    5.827    7.783    8.440    8.450    8.461
    8.547    8.551    9.187    9.383   10.746   10.854   11.106   12.117   12.501   13.575
   15.837   16.060   16.439   16.674
            0.500000  0.500000  0.224339
  -61.441  -60.695  -31.878  -31.270  -31.136  -30.835  -30.614  -30.488   -6.664   -6.659
   -5.756   -5.752    4.560    4.590    5.717    5.819    7.805    8.351    8.364    8.470
    8.568    8.591    9.163    9.345   10.808   10.892   11.145   12.167   12.468   13.541
   15.856   16.081   16.383   16.622
            0.500000  0.500000  0.241596
  -61.441  -60.695  -31.877  -31.275  -31.135  -30.835  -30.619  -30.487   -6.642   -6.637
   -5.770   -5.765    4.601    4.633    5.695    5.812    7.829    8.253    8.267    8.488
    8.590    8.626    9.150    9.313   10.869   10.928   11.183   12.219   12.433   13.505
   15.876   16.102   16.325   16.570
            0.500000  0.500000  0.258852
  -61.440  -60.695  -31.877  -31.280  -31.133  -30.835  -30.625  -30.486   -6.619   -6.614
   -5.784   -5.779    4.645    4.679    5.673    5.806    7.854    8.154    8.170    8.496
    8.613    8.653    9.150    9.291   10.929   10.961   11.219   12.271   12.396   13.466
   15.895   16.123   16.267   16.516
            0.500000  0.500000  0.276109
  -61.440  -60.694  -31.877  -31.285  -31.132  -30.835  -30.631  -30.485   -6.595   -6.590
   -5.798   -5.794    4.691    4.726    5.651    5.800    7.880    8.054    8.073    8.493
    8.638    8.667    9.165    9.282   10.987   10.991   11.252   12.323   12.357   13.427
   15.913   16.143   16.208   16.463
            0.500000  0.500000  0.293366
  -61.440  -60.694  -31.876  -31.291  -31.131  -30.835  -30.636  -30.484   -6.570   -6.566
   -5.814   -5.809    4.739    4.776    5.630    5.796    7.908    7.956    7.976    8.480
    8.663    8.667    9.191    9.288   11.018   11.045   11.284   12.317   12.375   13.385
   15.930   16.148   16.163   16.410
            0.500000  0.500000  0.310623
  -61.439  -60.694  -31.876  -31.297  -31.130  -30.834  -30.642  -30.483   -6.545   -6.540
   -5.829   -5.824    4.789    4.828    5.610    5.793    7.858    7.880    7.937    8.458
    8.652    8.690    9.227    9.308   11.043   11.101   11.314   12.275   12.427   13.342
   15.946   16.089   16.182   16.357
            0.500000  0.500000  0.327880
  -61.439  -60.693  -31.875  -31.303  -31.129  -30.834  -30.649  -30.482   -6.519   -6.515
   -5.845   -5.840    4.840    4.881    5.590    5.791    7.761    7.786    7.966    8.431
    8.625    8.717    9.271    9.341   11.064   11.155   11.341   12.233   12.478   13.298
   15.961   16.031   16.199   16.306
            0.500000  0.500000  0.345137
  -61.439  -60.693  -31.875  -31.308  -31.128  -30.834  -30.655  -30.481   -6.492   -6.488
   -5.861   -5.855    4.893    4.936    5.571    5.791    7.666    7.693    7.997    8.400
    8.589    8.745    9.319    9.385   11.083   11.208   11.366   12.189   12.529   13.253
   15.973   15.975   16.215   16.256
            0.500000  0.500000  0.362393
  -61.438  -60.693  -31.875  -31.314  -31.127  -30.834  -30.661  -30.480   -6.466   -6.462
   -5.877   -5.871    4.947    4.993    5.553    5.792    7.573    7.601    8.029    8.366
    8.546    8.774    9.371    9.434   11.099   11.259   11.389   12.144   12.579   13.208
   15.918   15.986   16.207   16.230
            0.500000  0.500000  0.379650
  -61.438  -60.692  -31.874  -31.320  -31.125  -30.833  -30.667  -30.479   -6.439   -6.435
   -5.892   -5.886    5.001    5.050    5.537    5.794    7.483    7.512    8.061    8.331
    8.499    8.803    9.425    9.488   11.112   11.309   11.410   12.099   12.627   13.161
   15.863   15.996   16.161   16.244
            0.500000  0.500000  0.396907
  -61.438  -60.692  -31.874  -31.326  -31.124  -30.833  -30.673  -30.478   -6.412   -6.409
   -5.908   -5.902    5.057    5.108    5.520    5.797    7.394    7.425    8.094    8.296
    8.448    8.833    9.480    9.545   11.122   11.356   11.428   12.054   12.675   13.114
   15.810   16.004   16.116   16.256
            0.500000  0.500000  0.414164
  -61.437  -60.692  -31.873  -31.332  -31.123  -30.833  -30.679  -30.477   -6.386   -6.383
   -5.924   -5.917    5.112    5.166    5.505    5.802    7.309    7.341    8.127    8.261
    8.397    8.862    9.534    9.603   11.130   11.402   11.445   12.008   12.721   13.068
   15.760   16.011   16.074   16.266
            0.500000  0.500000  0.431421
  -61.437  -60.691  -31.873  -31.337  -31.122  -30.833  -30.685  -30.476   -6.360   -6.357
   -5.939   -5.932    5.168    5.224    5.491    5.808    7.226    7.259    8.161    8.227
    8.344    8.892    9.587    9.661   11.136   11.445   11.460   11.963   12.765   13.021
   15.711   16.015   16.035   16.275
            0.500000  0.500000  0.448678
  -61.437  -60.691  -31.872  -31.343  -31.121  -30.832  -30.691  -30.475   -6.335   -6.331
   -5.954   -5.946    5.223    5.282    5.478    5.815    7.146    7.181    8.190    8.199
    8.292    8.922    9.639    9.718   11.139   11.470   11.490   11.918   12.808   12.974
   15.666   15.997   16.020   16.283
            0.500000  0.500000  0.465934
  -61.436  -60.691  -31.872  -31.348  -31.120  -30.832  -30.697  -30.474   -6.310   -6.307
   -5.968   -5.960    5.278    5.339    5.466    5.822    7.070    7.106    8.162    8.228
    8.241    8.951    9.689    9.774   11.140   11.481   11.529   11.874   12.849   12.929
   15.622   15.963   16.022   16.289
            0.500000  0.500000  0.483191
  -61.436  -60.690  -31.872  -31.353  -31.119  -30.832  -30.702  -30.473   -6.286   -6.283
   -5.982   -5.974    5.331    5.396    5.455    5.831    6.998    7.035    8.132    8.191
    8.261    8.980    9.737    9.829   11.139   11.490   11.567   11.830   12.882   12.889
   15.582   15.931   16.023   16.294
            0.500000  0.500000  0.500448
  -61.436  -60.690  -31.871  -31.358  -31.118  -30.832  -30.707  -30.472   -6.262   -6.260
   -5.995   -5.987    5.384    5.444    5.451    5.840    6.929    6.968    8.103    8.142
    8.294    9.008    9.782    9.881   11.137   11.497   11.604   11.788   12.840   12.924
   15.544   15.902   16.022   16.298
            0.500000  0.500000  0.517705
  -61.436  -60.690  -31.871  -31.363  -31.117  -30.832  -30.712  -30.471   -6.240   -6.238
   -6.008   -5.999    5.434    5.436    5.504    5.850    6.864    6.904    8.076    8.095
    8.325    9.035    9.824    9.930   11.134   11.503   11.637   11.748   12.799   12.959
   15.509   15.875   16.021   16.300
            0.500000  0.500000  0.534962
  -61.435  -60.690  -31.871  -31.367  -31.116  -30.832  -30.717  -30.470   -6.220   -6.217
   -6.020   -6.011    5.426    5.484    5.555    5.860    6.803    6.845    8.051    8.052
    8.356    9.060    9.863    9.976   11.129   11.507   11.669   11.709   12.758   12.991
   15.477   15.851   16.019   16.302
            0.500000  0.500000  0.552219
  -61.435  -60.689  -31.870  -31.371  -31.115  -30.831  -30.721  -30.469   -6.200   -6.197
   -6.031   -6.022    5.419    5.531    5.603    5.870    6.747    6.790    8.009    8.029
    8.385    9.085    9.899   10.020   11.123   11.510   11.672   11.699   12.721   13.020
   15.448   15.829   16.016   16.304
            0.500000  0.500000  0.569475
  -61.435  -60.689  -31.870  -31.375  -31.114  -30.831  -30.725  -30.469   -6.182   -6.179
   -6.041   -6.032    5.412    5.575    5.648    5.880    6.695    6.740    7.970    8.008
    8.413    9.108    9.931   10.059   11.117   11.512   11.638   11.725   12.685   13.047
   15.422   15.810   16.013   16.304
            0.500000  0.500000  0.586732
  -61.435  -60.689  -31.870  -31.379  -31.113  -30.831  -30.729  -30.468   -6.166   -6.163
   -6.050   -6.041    5.406    5.616    5.690    5.889    6.647    6.695    7.934    7.990
    8.439    9.129    9.961   10.095   11.110   11.514   11.606   11.750   12.652   13.072
   15.398   15.794   16.010   16.304
            0.500000  0.500000  0.603989
  -61.435  -60.689  -31.870  -31.382  -31.113  -30.831  -30.732  -30.468   -6.151   -6.148
   -6.058   -6.049    5.400    5.653    5.729    5.899    6.605    6.655    7.902    7.973
    8.462    9.148    9.986   10.127   11.104   11.514   11.578   11.772   12.623   13.094
   15.378   15.779   16.007   16.304
            0.500000  0.500000  0.621246
  -61.434  -60.689  -31.869  -31.384  -31.112  -30.831  -30.735  -30.467   -6.138   -6.135
   -6.065   -6.056    5.396    5.687    5.763    5.907    6.567    6.619    7.873    7.959
    8.484    9.165   10.009   10.155   11.097   11.514   11.552   11.791   12.596   13.112
   15.360   15.767   16.003   16.304
            0.500000  0.500000  0.638503
  -61.434  -60.688  -31.869  -31.387  -31.112  -30.831  -30.737  -30.467   -6.127   -6.124
   -6.072   -6.062    5.392    5.717    5.792    5.915    6.534    6.589    7.848    7.947
    8.502    9.179   10.027   10.179   11.091   11.514   11.530   11.807   12.573   13.129
   15.345   15.756   16.000   16.303
            0.500000  0.500000  0.655760
  -61.434  -60.688  -31.869  -31.389  -31.111  -30.831  -30.739  -30.466   -6.117   -6.115
   -6.077   -6.067    5.389    5.742    5.817    5.921    6.507    6.564    7.828    7.937
    8.517    9.191   10.043   10.199   11.086   11.512   11.514   11.821   12.554   13.142
   15.333   15.748   15.998   16.303
            0.500000  0.500000  0.673016
  -61.434  -60.688  -31.869  -31.390  -31.111  -30.831  -30.741  -30.466   -6.110   -6.108
   -6.081   -6.071    5.386    5.762    5.837    5.927    6.485    6.544    7.812    7.929
    8.530    9.201   10.055   10.215   11.082   11.498   11.513   11.831   12.539   13.152
   15.324   15.742   15.996   16.302
            0.500000  0.500000  0.690273
  -61.434  -60.688  -31.869  -31.391  -31.111  -30.831  -30.742  -30.466   -6.105   -6.103
   -6.084   -6.074    5.384    5.776    5.851    5.930    6.469    6.530    7.800    7.924
    8.539    9.208   10.063   10.226   11.079   11.487   11.513   11.839   12.528   13.160
   15.318   15.737   15.994   16.302
            0.500000  0.500000  0.707530
  -61.434  -60.688  -31.869  -31.392  -31.111  -30.831  -30.743  -30.466   -6.102   -6.100
   -6.085   -6.075    5.383    5.785    5.859    5.933    6.460    6.522    7.793    7.921
    8.544    9.212   10.068   10.232   11.077   11.481   11.513   11.844   12.522   13.164
   15.314   15.735   15.993   16.301
            0.500000  0.500000  0.724787
  -61.434  -60.688  -31.869  -31.392  -31.110  -30.831  -30.743  -30.466   -6.101   -6.099
   -6.086   -6.076    5.383    5.788    5.862    5.934    6.456    6.519    7.790    7.919
    8.546    9.213   10.070   10.235   11.076   11.479   11.513   11.845   12.520   13.166
   15.312   15.734   15.993   16.301
            0.488095  0.488095  0.724787
  -61.434  -60.688  -31.869  -31.392  -31.111  -30.831  -30.743  -30.466   -6.115   -6.101
   -6.076   -6.070    5.384    5.788    5.863    5.926    6.468    6.518    7.792    7.919
    8.544    9.213   10.071   10.232   11.076   11.479   11.513   11.831   12.532   13.165
   15.300   15.734   15.993   16.314
            0.476190  0.476190  0.724787
  -61.434  -60.688  -31.869  -31.392  -31.111  -30.831  -30.743  -30.466   -6.136   -6.101
   -6.075   -6.049    5.385    5.786    5.866    5.904    6.501    6.513    7.795    7.919
    8.540    9.214   10.073   10.225   11.076   11.480   11.512   11.793   12.566   13.162
   15.264   15.734   15.995   16.350
            0.464286  0.464286  0.724787
  -61.434  -60.688  -31.869  -31.392  -31.111  -30.831  -30.743  -30.466   -6.156   -6.102
   -6.075   -6.028    5.388    5.780    5.870    5.874    6.504    6.551    7.800    7.919
    8.532    9.215   10.077   10.213   11.076   11.482   11.512   11.737   12.617   13.157
   15.210   15.734   15.998   16.404
            0.452381  0.452381  0.724787
  -61.434  -60.688  -31.869  -31.392  -31.111  -30.830  -30.743  -30.466   -6.177   -6.103
   -6.074   -6.007    5.391    5.768    5.846    5.876    6.493    6.614    7.808    7.918
    8.522    9.217   10.081   10.195   11.076   11.485   11.512   11.669   12.677   13.151
   15.143   15.735   16.002   16.471
            0.440476  0.440476  0.724787
  -61.434  -60.688  -31.869  -31.392  -31.111  -30.830  -30.743  -30.466   -6.197   -6.105
   -6.072   -5.986    5.396    5.744    5.827    5.884    6.479    6.685    7.817    7.918
    8.508    9.219   10.086   10.173   11.076   11.489   11.511   11.593   12.742   13.143
   15.069   15.736   16.007   16.547
            0.428571  0.428571  0.724787
  -61.434  -60.688  -31.869  -31.392  -31.111  -30.830  -30.743  -30.466   -6.217   -6.107
   -6.071   -5.967    5.402    5.710    5.818    5.893    6.463    6.762    7.828    7.917
    8.492    9.222   10.091   10.146   11.076   11.493   11.509   11.516   12.810   13.135
   14.989   15.736   16.012   16.626
            0.416667  0.416667  0.724787
  -61.434  -60.688  -31.869  -31.392  -31.111  -30.830  -30.743  -30.466   -6.236   -6.109
   -6.069   -5.947    5.409    5.671    5.814    5.903    6.444    6.844    7.840    7.916
    8.473    9.225   10.096   10.113   11.076   11.436   11.498   11.510   12.878   13.126
   14.908   15.737   16.018   16.708
            0.404762  0.404762  0.724787
  -61.434  -60.688  -31.869  -31.393  -31.111  -30.830  -30.743  -30.466   -6.254   -6.111
   -6.067   -5.929    5.417    5.631    5.812    5.915    6.424    6.931    7.853    7.915
    8.452    9.228   10.076   10.098   11.076   11.358   11.504   11.509   12.945   13.118
   14.826   15.738   16.023   16.789
            0.392857  0.392857  0.724787
  -61.434  -60.688  -31.869  -31.393  -31.111  -30.830  -30.743  -30.466   -6.271   -6.114
   -6.065   -5.911    5.426    5.593    5.812    5.927    6.403    7.020    7.867    7.913
    8.428    9.231   10.033   10.097   11.075   11.285   11.508   11.510   13.010   13.110
   14.747   15.739   16.029   16.867
            0.380952  0.380952  0.724787
  -61.434  -60.688  -31.869  -31.393  -31.111  -30.830  -30.743  -30.466   -6.288   -6.117
   -6.063   -5.895    5.437    5.557    5.813    5.940    6.382    7.112    7.880    7.912
    8.402    9.235    9.985   10.091   11.075   11.218   11.506   11.517   13.073   13.103
   14.669   15.740   16.034   16.943
            0.369048  0.369048  0.724787
  -61.434  -60.688  -31.869  -31.393  -31.111  -30.830  -30.743  -30.466   -6.303   -6.120
   -6.060   -5.879    5.448    5.523    5.814    5.953    6.361    7.207    7.894    7.910
    8.374    9.239    9.931   10.078   11.074   11.160   11.505   11.525   13.098   13.133
   14.596   15.742   16.038   17.014
            0.357143  0.357143  0.724787
  -61.434  -60.688  -31.869  -31.393  -31.111  -30.830  -30.743  -30.466   -6.317   -6.123
   -6.057   -5.865    5.461    5.492    5.816    5.965    6.340    7.302    7.908    7.909
    8.344    9.243    9.873   10.056   11.073   11.113   11.503   11.534   13.095   13.190
   14.527   15.743   16.040   17.079
            0.345238  0.345238  0.724787
  -61.434  -60.688  -31.869  -31.393  -31.111  -30.830  -30.743  -30.466   -6.330   -6.127
   -6.054   -5.852    5.465    5.475    5.819    5.975    6.323    7.399    7.907    7.921
    8.313    9.247    9.809   10.024   11.072   11.079   11.502   11.543   13.094   13.243
   14.463   15.744   16.042   17.138
            0.333333  0.333333  0.724787
  -61.434  -60.688  -31.869  -31.393  -31.111  -30.829  -30.743  -30.466   -6.342   -6.131
   -6.051   -5.840    5.440    5.490    5.822    5.982    6.309    7.497    7.905    7.933
    8.280    9.251    9.741    9.981   11.058   11.071   11.500   11.554   13.096   13.292
   14.405   15.745   16.042   17.190
            0.321429  0.321429  0.724787
  -61.434  -60.688  -31.869  -31.393  -31.111  -30.829  -30.742  -30.466   -6.352   -6.135
   -6.048   -5.829    5.419    5.507    5.826    5.985    6.300    7.596    7.903    7.944
    8.245    9.254    9.668    9.927   11.052   11.069   11.498   11.564   13.100   13.337
   14.352   15.747   16.040   17.235
            0.309524  0.309524  0.724787
  -61.434  -60.688  -31.869  -31.393  -31.111  -30.829  -30.742  -30.465   -6.361   -6.139
   -6.044   -5.821    5.401    5.525    5.831    5.982    6.298    7.694    7.901    7.954
    8.210    9.258    9.591    9.863   11.059   11.068   11.497   11.575   13.107   13.377
   14.306   15.748   16.036   17.272
            0.297619  0.297619  0.724787
  -61.434  -60.688  -31.869  -31.393  -31.111  -30.829  -30.742  -30.465   -6.369   -6.143
   -6.041   -5.813    5.386    5.544    5.837    5.974    6.302    7.792    7.898    7.962
    8.174    9.261    9.510    9.792   11.067   11.078   11.495   11.587   13.118   13.413
   14.267   15.749   16.030   17.300
            0.285714  0.285714  0.724787
  -61.434  -60.688  -31.869  -31.393  -31.111  -30.829  -30.742  -30.465   -6.375   -6.147
   -6.037   -5.807    5.374    5.564    5.844    5.960    6.313    7.888    7.896    7.969
    8.138    9.264    9.425    9.714   11.065   11.107   11.493   11.599   13.131   13.444
   14.236   15.751   16.022   17.320
            0.273810  0.273810  0.724787
  -61.434  -60.688  -31.869  -31.393  -31.111  -30.829  -30.742  -30.465   -6.380   -6.152
   -6.034   -5.803    5.365    5.586    5.853    5.941    6.330    7.892    7.973    7.983
    8.102    9.266    9.338    9.631   11.064   11.144   11.491   11.612   13.148   13.471
   14.211   15.752   16.012   17.330
            0.261905  0.261905  0.724787
  -61.434  -60.688  -31.868  -31.393  -31.111  -30.829  -30.742  -30.465   -6.384   -6.156
   -6.030   -5.800    5.359    5.609    5.862    5.920    6.351    7.889    7.976    8.065
    8.076    9.250    9.265    9.547   11.062   11.188   11.488   11.625   13.167   13.492
   14.194   15.753   16.000   17.332
            0.250000  0.250000  0.724787
  -61.434  -60.688  -31.868  -31.393  -31.111  -30.829  -30.742  -30.465   -6.386   -6.161
   -6.026   -5.799    5.355    5.633    5.874    5.896    6.376    7.884    7.978    8.031
    8.164    9.161    9.261    9.465   11.061   11.239   11.486   11.638   13.189   13.509
   14.185   15.755   15.985   17.324
            0.238095  0.238095  0.724787
  -61.434  -60.688  -31.868  -31.393  -31.111  -30.829  -30.742  -30.465   -6.386   -6.165
   -6.022   -5.799    5.354    5.659    5.871    5.887    6.403    7.878    7.977    7.998
    8.245    9.075    9.244    9.394   11.059   11.294   11.484   11.651   13.214   13.521
   14.184   15.756   15.969   17.308
            0.226190  0.226190  0.724787
  -61.434  -60.688  -31.868  -31.393  -31.110  -30.829  -30.742  -30.465   -6.385   -6.170
   -6.019   -5.801    5.355    5.685    5.845    5.902    6.433    7.868    7.968    7.974
    8.316    8.995    9.201    9.348   11.058   11.354   11.482   11.664   13.241   13.528
   14.190   15.757   15.950   17.282
            0.214286  0.214286  0.724787
  -61.434  -60.688  -31.868  -31.393  -31.110  -30.829  -30.743  -30.465   -6.383   -6.174
   -6.015   -5.804    5.357    5.713    5.818    5.920    6.464    7.854    7.944    7.969
    8.370    8.928    9.130    9.329   11.056   11.418   11.480   11.677   13.271   13.530
   14.205   15.758   15.929   17.248
            0.202381  0.202381  0.724787
  -61.434  -60.688  -31.868  -31.393  -31.110  -30.829  -30.743  -30.465   -6.379   -6.179
   -6.011   -5.809    5.362    5.741    5.792    5.941    6.496    7.834    7.927    7.962
    8.393    8.887    9.048    9.324   11.054   11.475   11.486   11.690   13.302   13.528
   14.227   15.759   15.906   17.205
            0.190476  0.190476  0.724787
  -61.434  -60.688  -31.868  -31.393  -31.110  -30.829  -30.743  -30.465   -6.374   -6.183
   -6.008   -5.815    5.367    5.766    5.771    5.964    6.529    7.809    7.916    7.953
    8.377    8.882    8.961    9.322   11.053   11.475   11.554   11.703   13.335   13.520
   14.256   15.760   15.881   17.154
            0.178571  0.178571  0.724787
  -61.434  -60.688  -31.868  -31.393  -31.110  -30.829  -30.743  -30.465   -6.368   -6.187
   -6.004   -5.823    5.373    5.741    5.801    5.991    6.563    7.781    7.908    7.943
    8.325    8.875    8.909    9.323   11.051   11.473   11.625   11.716   13.370   13.508
   14.294   15.761   15.855   17.095
            0.166667  0.166667  0.724787
  -61.434  -60.688  -31.868  -31.393  -31.110  -30.829  -30.743  -30.465   -6.360   -6.191
   -6.001   -5.832    5.380    5.717    5.832    6.022    6.597    7.753    7.903    7.931
    8.248    8.789    8.957    9.324   11.049   11.471   11.699   11.728   13.406   13.491
   14.338   15.761   15.827   17.029
            0.154762  0.154762  0.724787
  -61.434  -60.688  -31.868  -31.393  -31.110  -30.829  -30.743  -30.465   -6.352   -6.195
   -5.997   -5.842    5.388    5.694    5.863    6.056    6.631    7.724    7.900    7.918
    8.158    8.706    9.014    9.326   11.047   11.469   11.740   11.773   13.443   13.470
   14.389   15.762   15.799   16.956
            0.142857  0.142857  0.724787
  -61.434  -60.688  -31.868  -31.393  -31.110  -30.829  -30.743  -30.465   -6.342   -6.199
   -5.994   -5.853    5.395    5.672    5.894    6.094    6.664    7.697    7.897    7.903
    8.060    8.625    9.074    9.328   11.045   11.467   11.752   11.849   13.444   13.480
   14.447   15.759   15.773   16.877
            0.130952  0.130952  0.724787
  -61.434  -60.688  -31.868  -31.393  -31.110  -30.829  -30.743  -30.465   -6.331   -6.202
   -5.991   -5.865    5.402    5.652    5.925    6.136    6.697    7.671    7.888    7.895
    7.959    8.548    9.133    9.330   11.043   11.465   11.762   11.925   13.415   13.517
   14.512   15.736   15.766   16.793
            0.119048  0.119048  0.724787
  -61.434  -60.688  -31.868  -31.393  -31.110  -30.829  -30.743  -30.465   -6.320   -6.206
   -5.989   -5.878    5.409    5.633    5.956    6.183    6.728    7.646    7.856    7.872
    7.893    8.474    9.191    9.332   11.041   11.463   11.772   12.002   13.381   13.554
   14.582   15.707   15.766   16.703
            0.107143  0.107143  0.724787
  -61.434  -60.688  -31.868  -31.393  -31.110  -30.829  -30.743  -30.465   -6.307   -6.209
   -5.986   -5.892    5.415    5.615    5.986    6.234    6.759    7.623    7.752    7.855
    7.891    8.405    9.245    9.334   11.039   11.462   11.782   12.079   13.343   13.589
   14.658   15.678   15.766   16.609
            0.095238  0.095238  0.724787
  -61.434  -60.688  -31.868  -31.393  -31.110  -30.829  -30.743  -30.465   -6.295   -6.211
   -5.984   -5.905    5.421    5.599    6.015    6.289    6.788    7.603    7.648    7.839
    7.890    8.341    9.296    9.336   11.037   11.460   11.790   12.155   13.303   13.624
   14.738   15.649   15.767   16.511
            0.083333  0.083333  0.724787
  -61.434  -60.688  -31.868  -31.393  -31.110  -30.829  -30.743  -30.465   -6.282   -6.214
   -5.982   -5.919    5.426    5.585    6.042    6.348    6.815    7.545    7.585    7.823
    7.889    8.282    9.338    9.341   11.035   11.459   11.798   12.230   13.259   13.656
   14.823   15.622   15.767   16.411
            0.071429  0.071429  0.724787
  -61.434  -60.688  -31.868  -31.393  -31.110  -30.830  -30.743  -30.465   -6.269   -6.216
   -5.980   -5.933    5.431    5.573    6.067    6.411    6.840    7.443    7.568    7.807
    7.888    8.230    9.339    9.381   11.033   11.458   11.805   12.304   13.213   13.686
   14.911   15.597   15.768   16.309
            0.059524  0.059524  0.724787
  -61.434  -60.688  -31.868  -31.392  -31.110  -30.830  -30.743  -30.465   -6.257   -6.218
   -5.978   -5.946    5.434    5.562    6.089    6.479    6.862    7.343    7.554    7.793
    7.887    8.184    9.340    9.416   11.031   11.457   11.811   12.375   13.165   13.713
   15.001   15.574   15.768   16.207
            0.047619  0.047619  0.724787
  -61.434  -60.688  -31.868  -31.392  -31.110  -30.830  -30.743  -30.465   -6.246   -6.219
   -5.977   -5.958    5.437    5.554    6.108    6.550    6.880    7.244    7.543    7.781
    7.886    8.146    9.341    9.445   11.030   11.456   11.815   12.442   13.117   13.736
   15.091   15.555   15.768   16.107
            0.035714  0.035714  0.724787
  -61.434  -60.688  -31.868  -31.392  -31.110  -30.830  -30.743  -30.465   -6.236   -6.221
   -5.976   -5.969    5.440    5.547    6.124    6.626    6.895    7.147    7.534    7.771
    7.886    8.115    9.342    9.467   11.028   11.456   11.819   12.503   13.071   13.754
   15.179   15.539   15.768   16.011
            0.023810  0.023810  0.724787
  -61.434  -60.688  -31.868  -31.392  -31.110  -30.830  -30.743  -30.465   -6.228   -6.221
   -5.977   -5.975    5.442    5.542    6.135    6.704    6.906    7.053    7.527    7.763
    7.885    8.093    9.343    9.484   11.027   11.455   11.822   12.555   13.030   13.767
   15.258   15.527   15.769   15.926
            0.011905  0.011905  0.724787
  -61.434  -60.688  -31.868  -31.392  -31.110  -30.830  -30.743  -30.465   -6.223   -6.222
   -5.982   -5.975    5.443    5.539    6.142    6.786    6.913    6.962    7.524    7.759
    7.885    8.080    9.343    9.494   11.027   11.455   11.824   12.591   13.000   13.776
   15.319   15.520   15.769   15.863
            0.000000  0.000000  0.724787
  -61.434  -60.688  -31.868  -31.392  -31.110  -30.830  -30.743  -30.465   -6.222   -6.221
   -5.984   -5.975    5.443    5.538    6.145    6.862    6.884    6.915    7.522    7.757
    7.885    8.075    9.343    9.497   11.027   11.455   11.824   12.605   12.988   13.778
   15.342   15.518   15.769   15.838
