 &plot nbnd=  34, nks=   271 /
            0.000000  0.000000  0.000000
  -61.436  -60.695  -31.872  -31.227  -31.135  -30.835  -30.571  -30.493   -7.423   -6.396
   -5.531   -5.522    4.281    4.285    5.473    5.984    6.016    8.450    8.459    8.517
    9.903   10.054   10.327   10.371   10.397   10.751   10.897   11.118   11.707   13.899
   14.225   16.855   17.039   18.255
            0.016667  0.000000  0.000000
  -61.436  -60.695  -31.872  -31.227  -31.135  -30.835  -30.571  -30.493   -7.422   -6.396
   -5.532   -5.523    4.283    4.287    5.475    5.985    6.017    8.446    8.457    8.513
    9.883   10.074   10.310   10.352   10.416   10.762   10.897   11.124   11.710   13.903
   14.224   16.853   17.038   18.253
            0.033333  0.000000  0.000000
  -61.436  -60.695  -31.872  -31.227  -31.135  -30.835  -30.571  -30.493   -7.419   -6.395
   -5.535   -5.525    4.289    4.294    5.481    5.985    6.018    8.434    8.452    8.503
    9.839   10.117   10.264   10.326   10.442   10.791   10.894   11.141   11.720   13.915
   14.218   16.849   17.035   18.247
            0.050000  0.000000  0.000000
  -61.436  -60.695  -31.872  -31.227  -31.135  -30.835  -30.571  -30.493   -7.414   -6.394
   -5.540   -5.529    4.300    4.305    5.490    5.987    6.021    8.413    8.443    8.486
    9.787   10.167   10.201   10.296   10.469   10.830   10.892   11.168   11.735   13.935
   14.210   16.842   17.029   18.237
            0.066667  0.000000  0.000000
  -61.436  -60.695  -31.872  -31.227  -31.135  -30.835  -30.571  -30.493   -7.407   -6.392
   -5.549   -5.533    4.313    4.320    5.502    5.988    6.024    8.384    8.431    8.463
    9.731   10.127   10.221   10.260   10.500   10.860   10.904   11.202   11.757   13.964
   14.199   16.833   17.021   18.222
            0.083333  0.000000  0.000000
  -61.436  -60.695  -31.872  -31.227  -31.135  -30.836  -30.571  -30.493   -7.398   -6.390
   -5.559   -5.539    4.330    4.340    5.519    5.990    6.029    8.347    8.416    8.436
    9.673   10.046   10.220   10.276   10.534   10.860   10.947   11.240   11.784   13.999
   14.185   16.820   17.012   18.203
            0.100000  0.000000  0.000000
  -61.436  -60.695  -31.872  -31.227  -31.135  -30.836  -30.571  -30.493   -7.387   -6.388
   -5.573   -5.545    4.351    4.365    5.539    5.993    6.034    8.301    8.399    8.403
    9.614    9.959   10.178   10.331   10.571   10.850   11.001   11.281   11.816   14.040
   14.170   16.805   17.000   18.179
            0.116667  0.000000  0.000000
  -61.436  -60.695  -31.872  -31.227  -31.135  -30.836  -30.571  -30.493   -7.374   -6.385
   -5.589   -5.553    4.375    4.394    5.562    5.996    6.041    8.249    8.365    8.379
    9.555    9.867   10.136   10.387   10.612   10.837   11.057   11.322   11.852   14.079
   14.160   16.788   16.987   18.150
            0.133333  0.000000  0.000000
  -61.436  -60.695  -31.872  -31.227  -31.135  -30.836  -30.571  -30.493   -7.360   -6.382
   -5.606   -5.561    4.402    4.427    5.590    5.999    6.048    8.192    8.322    8.357
    9.494    9.771   10.095   10.444   10.655   10.821   11.115   11.363   11.892   14.091
   14.183   16.769   16.971   18.117
            0.150000  0.000000  0.000000
  -61.436  -60.695  -31.872  -31.227  -31.135  -30.836  -30.571  -30.493   -7.343   -6.379
   -5.626   -5.570    4.433    4.463    5.621    6.003    6.056    8.130    8.274    8.334
    9.434    9.671   10.057   10.500   10.699   10.803   11.173   11.402   11.935   14.073
   14.239   16.747   16.955   18.079
            0.166667  0.000000  0.000000
  -61.436  -60.695  -31.872  -31.227  -31.135  -30.836  -30.571  -30.493   -7.325   -6.376
   -5.647   -5.580    4.466    4.503    5.656    6.007    6.065    8.064    8.220    8.310
    9.374    9.567   10.023   10.556   10.740   10.788   11.231   11.440   11.980   14.046
   14.308   16.723   16.937   18.037
            0.183333  0.000000  0.000000
  -61.436  -60.695  -31.872  -31.227  -31.134  -30.837  -30.571  -30.493   -7.305   -6.373
   -5.670   -5.591    4.503    4.547    5.694    6.011    6.074    7.994    8.162    8.285
    9.315    9.461    9.993   10.613   10.748   10.803   11.290   11.475   12.028   14.015
   14.385   16.698   16.918   17.991
            0.200000  0.000000  0.000000
  -61.436  -60.695  -31.872  -31.227  -31.134  -30.837  -30.571  -30.493   -7.283   -6.370
   -5.693   -5.603    4.543    4.593    5.736    6.015    6.084    7.923    8.099    8.260
    9.255    9.351    9.967   10.668   10.728   10.845   11.348   11.507   12.076   13.980
   14.468   16.671   16.897   17.940
            0.216667  0.000000  0.000000
  -61.436  -60.695  -31.872  -31.227  -31.134  -30.837  -30.571  -30.493   -7.260   -6.368
   -5.718   -5.616    4.586    4.642    5.783    6.020    6.095    7.850    8.032    8.234
    9.197    9.239    9.946   10.702   10.723   10.889   11.408   11.537   12.126   13.943
   14.556   16.643   16.876   17.885
            0.233333  0.000000  0.000000
  -61.436  -60.695  -31.872  -31.227  -31.134  -30.837  -30.571  -30.493   -7.234   -6.367
   -5.743   -5.629    4.631    4.693    5.833    6.025    6.106    7.775    7.962    8.209
    9.125    9.140    9.929   10.674   10.777   10.934   11.467   11.563   12.176   13.905
   14.649   16.614   16.855   17.827
            0.250000  0.000000  0.000000
  -61.436  -60.695  -31.872  -31.227  -31.134  -30.837  -30.571  -30.493   -7.208   -6.367
   -5.767   -5.643    4.678    4.746    5.886    6.030    6.117    7.700    7.889    8.184
    9.010    9.084    9.917   10.645   10.830   10.977   11.526   11.587   12.226   13.864
   14.746   16.584   16.833   17.764
            0.266667  0.000000  0.000000
  -61.436  -60.695  -31.872  -31.227  -31.134  -30.838  -30.571  -30.493   -7.179   -6.368
   -5.792   -5.657    4.727    4.801    5.944    6.035    6.129    7.624    7.814    8.161
    8.893    9.030    9.909   10.613   10.882   11.019   11.584   11.609   12.275   13.823
   14.847   16.554   16.811   17.697
            0.283333  0.000000  0.000000
  -61.436  -60.695  -31.872  -31.227  -31.133  -30.838  -30.571  -30.494   -7.150   -6.371
   -5.815   -5.672    4.778    4.857    6.005    6.040    6.140    7.548    7.738    8.138
    8.774    8.978    9.905   10.581   10.932   11.060   11.626   11.644   12.323   13.780
   14.951   16.524   16.788   17.626
            0.300000  0.000000  0.000000
  -61.436  -60.695  -31.872  -31.227  -31.133  -30.838  -30.571  -30.494   -7.119   -6.376
   -5.836   -5.687    4.830    4.913    6.045    6.070    6.151    7.473    7.661    8.116
    8.655    8.927    9.905   10.548   10.979   11.099   11.642   11.701   12.369   13.737
   15.057   16.495   16.767   17.552
            0.316667  0.000000  0.000000
  -61.436  -60.695  -31.872  -31.227  -31.133  -30.838  -30.571  -30.494   -7.086   -6.385
   -5.855   -5.703    4.883    4.970    6.049    6.139    6.163    7.399    7.586    8.096
    8.536    8.880    9.909   10.513   11.025   11.135   11.655   11.757   12.413   13.694
   15.165   16.466   16.745   17.475
            0.333333  0.000000  0.000000
  -61.436  -60.695  -31.872  -31.227  -31.133  -30.839  -30.571  -30.494   -7.053   -6.396
   -5.872   -5.719    4.936    5.026    6.054    6.173    6.211    7.326    7.512    8.078
    8.416    8.835    9.916   10.478   11.067   11.170   11.666   11.812   12.455   13.651
   15.275   16.438   16.725   17.394
            0.350000  0.000000  0.000000
  -61.436  -60.695  -31.872  -31.227  -31.133  -30.839  -30.571  -30.494   -7.018   -6.411
   -5.885   -5.735    4.988    5.082    6.059    6.184    6.286    7.255    7.441    8.061
    8.296    8.793    9.926   10.443   11.107   11.203   11.675   11.864   12.495   13.609
   15.386   16.412   16.705   17.309
            0.366667  0.000000  0.000000
  -61.436  -60.695  -31.872  -31.227  -31.133  -30.839  -30.571  -30.494   -6.982   -6.429
   -5.895   -5.751    5.039    5.135    6.063    6.193    6.364    7.187    7.373    8.046
    8.178    8.754    9.940   10.407   11.144   11.233   11.682   11.914   12.531   13.568
   15.498   16.387   16.687   17.222
            0.383333  0.000000  0.000000
  -61.436  -60.695  -31.872  -31.227  -31.133  -30.839  -30.571  -30.494   -6.946   -6.451
   -5.902   -5.767    5.088    5.187    6.067    6.202    6.444    7.124    7.310    8.033
    8.061    8.719    9.956   10.371   11.177   11.261   11.686   11.961   12.564   13.530
   15.611   16.365   16.670   17.132
            0.400000  0.000000  0.000000
  -61.436  -60.695  -31.872  -31.227  -31.132  -30.839  -30.571  -30.494   -6.908   -6.476
   -5.905   -5.783    5.134    5.235    6.070    6.210    6.525    7.065    7.253    7.945
    8.021    8.687    9.975   10.335   11.206   11.286   11.690   12.004   12.593   13.494
   15.723   16.344   16.655   17.040
            0.416667  0.000000  0.000000
  -61.436  -60.695  -31.872  -31.227  -31.132  -30.839  -30.571  -30.494   -6.871   -6.505
   -5.905   -5.798    5.175    5.279    6.073    6.217    6.606    7.015    7.202    7.833
    8.012    8.660    9.996   10.299   11.231   11.307   11.692   12.042   12.618   13.461
   15.834   16.327   16.642   16.945
            0.433333  0.000000  0.000000
  -61.436  -60.695  -31.872  -31.227  -31.132  -30.839  -30.571  -30.494   -6.832   -6.536
   -5.902   -5.814    5.211    5.317    6.076    6.223    6.682    6.977    7.159    7.725
    8.004    8.638   10.019   10.264   11.252   11.326   11.693   12.075   12.638   13.433
   15.944   16.312   16.631   16.849
            0.450000  0.000000  0.000000
  -61.436  -60.695  -31.872  -31.227  -31.132  -30.839  -30.571  -30.494   -6.794   -6.569
   -5.897   -5.828    5.240    5.349    6.078    6.227    6.743    6.959    7.124    7.625
    7.998    8.620   10.044   10.229   11.269   11.341   11.693   12.102   12.655   13.410
   16.051   16.300   16.622   16.753
            0.466667  0.000000  0.000000
  -61.436  -60.695  -31.872  -31.227  -31.132  -30.840  -30.571  -30.494   -6.755   -6.604
   -5.890   -5.842    5.262    5.373    6.080    6.231    6.778    6.971    7.098    7.536
    7.994    8.607   10.072   10.196   11.280   11.351   11.693   12.122   12.667   13.393
   16.152   16.292   16.615   16.659
            0.483333  0.000000  0.000000
  -61.436  -60.695  -31.872  -31.227  -31.132  -30.840  -30.571  -30.494   -6.716   -6.641
   -5.881   -5.854    5.275    5.388    6.081    6.233    6.788    7.001    7.081    7.471
    7.991    8.599   10.100   10.163   11.288   11.358   11.693   12.134   12.674   13.382
   16.239   16.287   16.578   16.612
            0.500000  0.000000  0.000000
  -61.436  -60.695  -31.872  -31.227  -31.132  -30.840  -30.571  -30.494   -6.679   -6.677
   -5.876   -5.861    5.280    5.394    6.081    6.233    6.789    7.018    7.074    7.445
    7.991    8.597   10.126   10.135   11.290   11.360   11.693   12.138   12.676   13.379
   16.279   16.285   16.539   16.610
            0.500000  0.000000  0.017257
  -61.436  -60.695  -31.872  -31.227  -31.132  -30.840  -30.571  -30.494   -6.678   -6.676
   -5.876   -5.862    5.282    5.396    6.079    6.230    6.791    7.022    7.077    7.443
    7.989    8.590   10.129   10.137   11.282   11.362   11.702   12.136   12.678   13.378
   16.276   16.277   16.543   16.609
            0.500000  0.000000  0.034514
  -61.436  -60.694  -31.872  -31.228  -31.132  -30.840  -30.572  -30.494   -6.675   -6.674
   -5.878   -5.863    5.288    5.401    6.073    6.219    6.795    7.035    7.087    7.436
    7.985    8.569   10.135   10.142   11.261   11.367   11.725   12.130   12.684   13.376
   16.255   16.267   16.554   16.607
            0.500000  0.000000  0.051770
  -61.436  -60.694  -31.872  -31.229  -31.132  -30.839  -30.573  -30.494   -6.671   -6.669
   -5.880   -5.866    5.298    5.411    6.063    6.202    6.802    7.056    7.102    7.424
    7.980    8.535   10.144   10.148   11.232   11.375   11.760   12.119   12.693   13.372
   16.221   16.252   16.569   16.604
            0.500000  0.000000  0.069027
  -61.435  -60.694  -31.872  -31.230  -31.132  -30.839  -30.575  -30.493   -6.664   -6.663
   -5.883   -5.869    5.313    5.425    6.051    6.181    6.810    7.084    7.120    7.408
    7.973    8.490   10.154   10.157   11.199   11.387   11.801   12.105   12.706   13.367
   16.178   16.230   16.586   16.601
            0.500000  0.000000  0.086284
  -61.435  -60.694  -31.872  -31.232  -31.131  -30.839  -30.577  -30.493   -6.656   -6.655
   -5.887   -5.874    5.331    5.443    6.036    6.157    6.817    7.119    7.140    7.390
    7.968    8.435   10.163   10.165   11.165   11.402   11.845   12.089   12.721   13.360
   16.126   16.200   16.600   16.604
            0.500000  0.000000  0.103541
  -61.435  -60.694  -31.872  -31.235  -31.131  -30.839  -30.579  -30.493   -6.646   -6.645
   -5.892   -5.879    5.354    5.464    6.020    6.130    6.824    7.155    7.161    7.372
    7.966    8.373   10.169   10.174   11.135   11.420   11.891   12.070   12.739   13.352
   16.069   16.163   16.600   16.623
            0.500000  0.000000  0.120798
  -61.435  -60.694  -31.872  -31.237  -31.130  -30.839  -30.582  -30.492   -6.635   -6.633
   -5.898   -5.885    5.381    5.489    6.002    6.103    6.830    7.158    7.207    7.362
    7.966    8.306   10.170   10.180   11.110   11.440   11.935   12.048   12.758   13.343
   16.006   16.119   16.603   16.642
            0.500000  0.000000  0.138055
  -61.435  -60.694  -31.871  -31.241  -31.130  -30.838  -30.585  -30.492   -6.622   -6.620
   -5.905   -5.892    5.411    5.517    5.984    6.075    6.834    7.140    7.257    7.369
    7.971    8.236   10.166   10.183   11.091   11.462   11.979   12.026   12.779   13.334
   15.939   16.068   16.609   16.661
            0.500000  0.000000  0.155311
  -61.435  -60.693  -31.871  -31.244  -31.129  -30.838  -30.589  -30.491   -6.608   -6.606
   -5.912   -5.900    5.445    5.549    5.966    6.048    6.836    7.102    7.309    7.392
    7.981    8.164   10.156   10.181   11.079   11.485   12.003   12.020   12.801   13.323
   15.868   16.011   16.617   16.681
            0.500000  0.000000  0.172568
  -61.434  -60.693  -31.871  -31.248  -31.129  -30.838  -30.593  -30.490   -6.592   -6.590
   -5.919   -5.908    5.483    5.584    5.949    6.021    6.836    7.049    7.363    7.425
    7.995    8.093   10.139   10.175   11.075   11.506   11.981   12.058   12.824   13.313
   15.793   15.948   16.629   16.701
            0.500000  0.000000  0.189825
  -61.434  -60.693  -31.871  -31.252  -31.128  -30.838  -30.598  -30.489   -6.575   -6.574
   -5.928   -5.916    5.525    5.621    5.932    5.996    6.833    6.987    7.416    7.463
    8.014    8.025   10.115   10.165   11.077   11.523   11.961   12.093   12.848   13.302
   15.716   15.882   16.643   16.721
            0.500000  0.000000  0.207082
  -61.434  -60.693  -31.870  -31.257  -31.127  -30.837  -30.602  -30.489   -6.557   -6.556
   -5.936   -5.925    5.570    5.661    5.917    5.972    6.826    6.919    7.468    7.503
    7.964    8.037   10.085   10.151   11.086   11.536   11.943   12.124   12.873   13.291
   15.637   15.813   16.659   16.743
            0.500000  0.000000  0.224339
  -61.434  -60.692  -31.870  -31.262  -31.126  -30.837  -30.607  -30.488   -6.539   -6.537
   -5.944   -5.934    5.618    5.703    5.904    5.950    6.814    6.847    7.516    7.544
    7.913    8.065   10.050   10.133   11.098   11.541   11.929   12.151   12.900   13.281
   15.556   15.741   16.678   16.765
            0.500000  0.000000  0.241596
  -61.433  -60.692  -31.870  -31.267  -31.125  -30.836  -30.612  -30.487   -6.519   -6.518
   -5.953   -5.944    5.669    5.744    5.895    5.930    6.772    6.796    7.555    7.585
    7.877    8.097   10.011   10.112   11.113   11.538   11.919   12.173   12.927   13.272
   15.475   15.667   16.699   16.788
            0.500000  0.000000  0.258852
  -61.433  -60.692  -31.869  -31.272  -31.125  -30.836  -30.618  -30.486   -6.499   -6.498
   -5.961   -5.953    5.722    5.781    5.892    5.912    6.698    6.772    7.582    7.625
    7.862    8.132    9.970   10.088   11.129   11.525   11.913   12.190   12.956   13.264
   15.394   15.593   16.723   16.813
            0.500000  0.000000  0.276109
  -61.433  -60.692  -31.869  -31.278  -31.124  -30.836  -30.624  -30.485   -6.480   -6.478
   -5.970   -5.962    5.776    5.807    5.897    5.901    6.626    6.741    7.593    7.663
    7.872    8.170    9.928   10.063   11.145   11.504   11.909   12.202   12.986   13.258
   15.313   15.519   16.748   16.838
            0.500000  0.000000  0.293366
  -61.432  -60.691  -31.869  -31.283  -31.123  -30.835  -30.629  -30.484   -6.460   -6.458
   -5.977   -5.970    5.817    5.828    5.888    5.925    6.559    6.703    7.593    7.701
    7.901    8.210    9.884   10.036   11.160   11.475   11.905   12.209   13.018   13.253
   15.233   15.445   16.774   16.865
            0.500000  0.000000  0.310623
  -61.432  -60.691  -31.868  -31.289  -31.122  -30.835  -30.635  -30.483   -6.440   -6.439
   -5.983   -5.977    5.816    5.851    5.910    5.955    6.501    6.661    7.590    7.736
    7.941    8.251    9.842   10.008   11.172   11.441   11.900   12.210   13.052   13.250
   15.154   15.373   16.803   16.892
            0.500000  0.000000  0.327880
  -61.432  -60.691  -31.868  -31.295  -31.121  -30.834  -30.641  -30.482   -6.422   -6.420
   -5.989   -5.983    5.810    5.846    5.961    5.980    6.458    6.616    7.589    7.770
    7.987    8.294    9.801    9.979   11.181   11.402   11.892   12.207   13.087   13.249
   15.078   15.302   16.832   16.920
            0.500000  0.000000  0.345137
  -61.431  -60.690  -31.868  -31.301  -31.120  -30.834  -30.648  -30.481   -6.405   -6.403
   -5.993   -5.988    5.800    5.837    5.991    6.014    6.437    6.573    7.592    7.803
    8.034    8.336    9.761    9.950   11.187   11.360   11.879   12.198   13.123   13.250
   15.003   15.233   16.863   16.949
            0.500000  0.000000  0.362393
  -61.431  -60.690  -31.867  -31.307  -31.119  -30.833  -30.654  -30.479   -6.389   -6.387
   -5.995   -5.991    5.787    5.827    5.985    6.061    6.441    6.536    7.599    7.834
    8.082    8.377    9.725    9.921   11.189   11.314   11.862   12.184   13.160   13.254
   14.932   15.167   16.895   16.979
            0.500000  0.000000  0.379650
  -61.431  -60.689  -31.867  -31.313  -31.118  -30.833  -30.660  -30.478   -6.375   -6.373
   -5.995   -5.992    5.767    5.818    5.967    6.095    6.470    6.513    7.610    7.863
    8.129    8.417    9.692    9.893   11.186   11.267   11.839   12.165   13.198   13.260
   14.863   15.104   16.928   17.010
            0.500000  0.000000  0.396907
  -61.430  -60.689  -31.866  -31.319  -31.117  -30.832  -30.666  -30.477   -6.364   -6.361
   -5.992   -5.990    5.737    5.808    5.946    6.109    6.512    6.515    7.625    7.892
    8.174    8.454    9.664    9.865   11.179   11.218   11.812   12.141   13.236   13.268
   14.798   15.044   16.962   17.041
            0.500000  0.000000  0.414164
  -61.430  -60.689  -31.866  -31.325  -31.116  -30.832  -30.672  -30.476   -6.355   -6.352
   -5.987   -5.986    5.697    5.796    5.931    6.102    6.538    6.571    7.642    7.919
    8.217    8.487    9.640    9.840   11.165   11.170   11.779   12.113   13.275   13.278
   14.736   14.987   16.995   17.072
            0.500000  0.000000  0.431421
  -61.430  -60.688  -31.866  -31.330  -31.115  -30.832  -30.678  -30.475   -6.348   -6.346
   -5.980   -5.979    5.647    5.782    5.922    6.079    6.585    6.634    7.662    7.944
    8.257    8.516    9.622    9.816   11.115   11.152   11.741   12.081   13.290   13.313
   14.678   14.934   17.029   17.103
            0.500000  0.000000  0.448678
  -61.429  -60.688  -31.865  -31.336  -31.114  -30.831  -30.683  -30.474   -6.344   -6.341
   -5.971   -5.970    5.593    5.764    5.918    6.051    6.644    6.701    7.683    7.969
    8.294    8.541    9.611    9.794   11.063   11.133   11.699   12.045   13.303   13.351
   14.623   14.885   17.063   17.134
            0.500000  0.000000  0.465934
  -61.429  -60.688  -31.865  -31.341  -31.113  -30.831  -30.689  -30.473   -6.342   -6.339
   -5.960   -5.959    5.535    5.741    5.919    6.023    6.711    6.771    7.706    7.992
    8.328    8.560    9.605    9.775   11.011   11.109   11.654   12.006   13.318   13.387
   14.573   14.839   17.096   17.165
            0.500000  0.000000  0.483191
  -61.429  -60.688  -31.865  -31.346  -31.112  -30.830  -30.694  -30.472   -6.342   -6.339
   -5.948   -5.946    5.478    5.711    5.922    6.001    6.783    6.842    7.730    8.014
    8.358    8.573    9.607    9.758   10.958   11.083   11.605   11.964   13.333   13.422
   14.527   14.798   17.129   17.195
            0.500000  0.000000  0.500448
  -61.429  -60.687  -31.864  -31.351  -31.111  -30.830  -30.700  -30.471   -6.343   -6.341
   -5.934   -5.932    5.421    5.677    5.928    5.985    6.856    6.913    7.754    8.035
    8.384    8.581    9.615    9.745   10.906   11.053   11.554   11.920   13.348   13.456
   14.485   14.760   17.161   17.225
            0.500000  0.000000  0.517705
  -61.428  -60.687  -31.864  -31.356  -31.110  -30.830  -30.704  -30.470   -6.346   -6.343
   -5.920   -5.917    5.367    5.638    5.935    5.974    6.930    6.984    7.780    8.055
    8.405    8.583    9.629    9.736   10.854   11.022   11.501   11.875   13.364   13.487
   14.446   14.726   17.192   17.253
            0.500000  0.000000  0.534962
  -61.428  -60.687  -31.864  -31.361  -31.110  -30.829  -30.709  -30.469   -6.349   -6.347
   -5.905   -5.903    5.315    5.598    5.942    5.968    7.003    7.053    7.805    8.075
    8.422    8.580    9.648    9.730   10.802   10.988   11.447   11.829   13.380   13.517
   14.412   14.696   17.222   17.280
            0.500000  0.000000  0.552219
  -61.428  -60.686  -31.864  -31.365  -31.109  -30.829  -30.713  -30.469   -6.353   -6.351
   -5.891   -5.888    5.267    5.558    5.951    5.966    7.073    7.120    7.831    8.093
    8.435    8.573    9.672    9.728   10.751   10.952   11.394   11.783   13.395   13.544
   14.382   14.669   17.250   17.306
            0.500000  0.000000  0.569475
  -61.428  -60.686  -31.863  -31.368  -31.108  -30.829  -30.717  -30.468   -6.357   -6.355
   -5.877   -5.874    5.222    5.519    5.959    5.966    7.141    7.184    7.857    8.112
    8.443    8.562    9.700    9.731   10.701   10.916   11.341   11.737   13.409   13.569
   14.355   14.646   17.276   17.330
            0.500000  0.000000  0.586732
  -61.427  -60.686  -31.863  -31.372  -31.108  -30.828  -30.721  -30.467   -6.361   -6.360
   -5.864   -5.860    5.181    5.482    5.967    5.968    7.205    7.244    7.883    8.130
    8.447    8.548    9.730    9.738   10.653   10.879   11.291   11.694   13.423   13.591
   14.332   14.626   17.300   17.352
            0.500000  0.000000  0.603989
  -61.427  -60.686  -31.863  -31.375  -31.107  -30.828  -30.724  -30.467   -6.365   -6.364
   -5.851   -5.848    5.145    5.449    5.970    5.975    7.264    7.299    7.909    8.148
    8.447    8.532    9.747    9.763   10.606   10.843   11.243   11.652   13.435   13.611
   14.312   14.609   17.321   17.372
            0.500000  0.000000  0.621246
  -61.427  -60.686  -31.863  -31.378  -31.107  -30.828  -30.727  -30.466   -6.369   -6.368
   -5.840   -5.837    5.113    5.419    5.973    5.983    7.316    7.349    7.935    8.166
    8.443    8.514    9.760    9.795   10.561   10.808   11.200   11.614   13.446   13.628
   14.295   14.595   17.341   17.389
            0.500000  0.000000  0.638503
  -61.427  -60.686  -31.863  -31.380  -31.106  -30.828  -30.729  -30.466   -6.372   -6.371
   -5.831   -5.827    5.085    5.393    5.975    5.989    7.362    7.392    7.960    8.184
    8.436    8.495    9.775    9.826   10.519   10.775   11.161   11.580   13.455   13.643
   14.281   14.584   17.357   17.404
            0.500000  0.000000  0.655760
  -61.427  -60.685  -31.863  -31.382  -31.106  -30.828  -30.731  -30.465   -6.375   -6.374
   -5.823   -5.819    5.063    5.372    5.978    5.995    7.400    7.429    7.984    8.201
    8.427    8.476    9.791    9.854   10.482   10.745   11.129   11.551   13.463   13.654
   14.270   14.575   17.371   17.417
            0.500000  0.000000  0.673016
  -61.427  -60.685  -31.862  -31.384  -31.106  -30.828  -30.733  -30.465   -6.377   -6.377
   -5.816   -5.813    5.045    5.355    5.981    5.999    7.430    7.458    8.006    8.218
    8.417    8.458    9.807    9.879   10.450   10.720   11.102   11.528   13.469   13.664
   14.262   14.568   17.382   17.427
            0.500000  0.000000  0.690273
  -61.427  -60.685  -31.862  -31.385  -31.105  -30.827  -30.734  -30.465   -6.379   -6.379
   -5.812   -5.808    5.032    5.343    5.982    6.003    7.452    7.479    8.023    8.232
    8.408    8.442    9.820    9.898   10.425   10.701   11.083   11.511   13.473   13.670
   14.256   14.563   17.390   17.434
            0.500000  0.000000  0.707530
  -61.427  -60.685  -31.862  -31.385  -31.105  -30.827  -30.735  -30.465   -6.380   -6.380
   -5.809   -5.805    5.025    5.335    5.983    6.005    7.465    7.491    8.035    8.242
    8.401    8.431    9.829    9.910   10.409   10.689   11.071   11.500   13.476   13.674
   14.252   14.560   17.395   17.439
            0.500000  0.000000  0.724787
  -61.427  -60.685  -31.862  -31.386  -31.105  -30.827  -30.735  -30.465   -6.380   -6.380
   -5.808   -5.804    5.022    5.333    5.984    6.005    7.469    7.496    8.039    8.245
    8.399    8.427    9.832    9.914   10.403   10.685   11.067   11.497   13.477   13.675
   14.251   14.560   17.396   17.440
            0.483333  0.000000  0.724787
  -61.427  -60.685  -31.862  -31.386  -31.105  -30.827  -30.735  -30.465   -6.380   -6.380
   -5.808   -5.804    5.024    5.334    5.984    6.005    7.468    7.495    8.036    8.237
    8.409    8.432    9.820    9.897   10.420   10.697   11.067   11.497   13.476   13.675
   14.253   14.561   17.393   17.437
            0.466667  0.000000  0.724787
  -61.427  -60.685  -31.862  -31.386  -31.105  -30.827  -30.735  -30.465   -6.379   -6.379
   -5.809   -5.806    5.028    5.337    5.983    6.004    7.464    7.493    8.027    8.217
    8.433    8.444    9.785    9.852   10.463   10.731   11.067   11.496   13.475   13.676
   14.258   14.564   17.384   17.428
            0.450000  0.000000  0.724787
  -61.427  -60.685  -31.862  -31.385  -31.105  -30.827  -30.735  -30.465   -6.378   -6.377
   -5.811   -5.807    5.035    5.342    5.982    6.002    7.458    7.489    8.014    8.192
    8.464    8.467    9.732    9.788   10.524   10.783   11.067   11.496   13.472   13.676
   14.266   14.571   17.370   17.413
            0.433333  0.000000  0.724787
  -61.427  -60.685  -31.862  -31.385  -31.105  -30.827  -30.735  -30.465   -6.376   -6.375
   -5.813   -5.810    5.044    5.349    5.981    5.999    7.450    7.484    7.997    8.165
    8.488    8.505    9.666    9.715   10.594   10.847   11.067   11.496   13.467   13.676
   14.277   14.579   17.349   17.392
            0.416667  0.000000  0.724787
  -61.427  -60.685  -31.862  -31.385  -31.105  -30.827  -30.735  -30.465   -6.373   -6.372
   -5.817   -5.813    5.056    5.357    5.981    5.996    7.440    7.478    7.980    8.138
    8.515    8.546    9.592    9.637   10.668   10.920   11.067   11.496   13.462   13.677
   14.291   14.590   17.323   17.365
            0.400000  0.000000  0.724787
  -61.427  -60.685  -31.862  -31.385  -31.105  -30.827  -30.735  -30.465   -6.370   -6.369
   -5.820   -5.817    5.071    5.367    5.980    5.992    7.428    7.470    7.962    8.111
    8.544    8.588    9.511    9.557   10.743   10.998   11.067   11.495   13.455   13.678
   14.308   14.603   17.291   17.333
            0.383333  0.000000  0.724787
  -61.427  -60.685  -31.862  -31.385  -31.105  -30.827  -30.735  -30.465   -6.366   -6.365
   -5.825   -5.822    5.088    5.379    5.981    5.988    7.415    7.460    7.944    8.085
    8.571    8.632    9.427    9.478   10.819   11.067   11.080   11.495   13.447   13.679
   14.328   14.619   17.254   17.295
            0.366667  0.000000  0.724787
  -61.427  -60.685  -31.862  -31.385  -31.105  -30.827  -30.735  -30.465   -6.362   -6.361
   -5.830   -5.827    5.108    5.391    5.983    5.983    7.400    7.450    7.928    8.061
    8.595    8.676    9.340    9.403   10.893   11.069   11.164   11.494   13.437   13.680
   14.352   14.637   17.212   17.252
            0.350000  0.000000  0.724787
  -61.427  -60.685  -31.862  -31.385  -31.105  -30.828  -30.735  -30.465   -6.357   -6.356
   -5.835   -5.833    5.130    5.403    5.978    5.986    7.383    7.437    7.913    8.037
    8.613    8.720    9.253    9.334   10.963   11.073   11.249   11.495   13.427   13.681
   14.378   14.658   17.165   17.204
            0.333333  0.000000  0.724787
  -61.427  -60.685  -31.862  -31.385  -31.105  -30.828  -30.735  -30.465   -6.352   -6.351
   -5.841   -5.839    5.154    5.415    5.973    5.992    7.366    7.424    7.900    8.015
    8.621    8.764    9.166    9.274   11.019   11.090   11.333   11.496   13.415   13.683
   14.407   14.681   17.114   17.152
            0.316667  0.000000  0.724787
  -61.427  -60.685  -31.862  -31.385  -31.105  -30.828  -30.735  -30.465   -6.346   -6.345
   -5.848   -5.846    5.179    5.427    5.968    6.001    7.348    7.409    7.889    7.993
    8.615    8.805    9.082    9.228   11.042   11.136   11.412   11.501   13.402   13.686
   14.439   14.706   17.059   17.096
            0.300000  0.000000  0.724787
  -61.427  -60.685  -31.862  -31.385  -31.105  -30.828  -30.735  -30.465   -6.340   -6.338
   -5.855   -5.853    5.207    5.438    5.963    6.013    7.329    7.393    7.879    7.972
    8.593    8.840    9.005    9.199   11.048   11.198   11.464   11.533   13.387   13.688
   14.474   14.734   17.000   17.035
            0.283333  0.000000  0.724787
  -61.427  -60.685  -31.862  -31.385  -31.105  -30.828  -30.735  -30.465   -6.334   -6.331
   -5.863   -5.861    5.235    5.447    5.959    6.029    7.309    7.377    7.871    7.952
    8.554    8.845    8.958    9.186   11.049   11.262   11.476   11.605   13.371   13.691
   14.512   14.763   16.937   16.971
            0.266667  0.000000  0.724787
  -61.427  -60.685  -31.862  -31.385  -31.105  -30.828  -30.735  -30.465   -6.327   -6.324
   -5.870   -5.869    5.265    5.455    5.956    6.050    7.288    7.359    7.864    7.933
    8.500    8.792    8.970    9.188   11.049   11.324   11.478   11.685   13.354   13.695
   14.553   14.796   16.871   16.904
            0.250000  0.000000  0.724787
  -61.427  -60.685  -31.862  -31.385  -31.105  -30.828  -30.735  -30.465   -6.319   -6.317
   -5.879   -5.878    5.295    5.461    5.955    6.075    7.267    7.342    7.858    7.915
    8.435    8.719    9.004    9.202   11.048   11.384   11.478   11.765   13.335   13.699
   14.596   14.830   16.803   16.834
            0.233333  0.000000  0.724787
  -61.427  -60.685  -31.862  -31.385  -31.105  -30.828  -30.735  -30.465   -6.312   -6.309
   -5.887   -5.887    5.325    5.465    5.954    6.105    7.244    7.324    7.852    7.897
    8.363    8.644    9.041    9.222   11.047   11.440   11.477   11.845   13.315   13.703
   14.642   14.867   16.732   16.761
            0.216667  0.000000  0.724787
  -61.427  -60.685  -31.862  -31.385  -31.105  -30.828  -30.736  -30.465   -6.304   -6.301
   -5.896   -5.896    5.355    5.467    5.956    6.140    7.220    7.306    7.847    7.880
    8.287    8.571    9.078    9.247   11.045   11.475   11.493   11.923   13.294   13.708
   14.690   14.906   16.659   16.686
            0.200000  0.000000  0.724787
  -61.427  -60.685  -31.862  -31.385  -31.105  -30.828  -30.736  -30.465   -6.296   -6.292
   -5.906   -5.905    5.385    5.467    5.960    6.179    7.196    7.287    7.842    7.864
    8.210    8.502    9.114    9.274   11.044   11.474   11.543   12.000   13.271   13.713
   14.741   14.948   16.584   16.610
            0.183333  0.000000  0.724787
  -61.427  -60.685  -31.862  -31.385  -31.105  -30.828  -30.736  -30.465   -6.288   -6.284
   -5.915   -5.914    5.412    5.466    5.968    6.223    7.170    7.268    7.835    7.849
    8.133    8.436    9.149    9.302   11.042   11.472   11.589   12.074   13.247   13.718
   14.794   14.991   16.508   16.532
            0.166667  0.000000  0.724787
  -61.427  -60.685  -31.862  -31.385  -31.105  -30.828  -30.736  -30.465   -6.281   -6.276
   -5.924   -5.922    5.438    5.464    5.978    6.270    7.142    7.248    7.826    7.835
    8.061    8.375    9.181    9.330   11.040   11.471   11.631   12.146   13.221   13.723
   14.849   15.038   16.431   16.453
            0.150000  0.000000  0.724787
  -61.427  -60.685  -31.862  -31.385  -31.105  -30.828  -30.736  -30.465   -6.273   -6.267
   -5.934   -5.931    5.460    5.461    5.991    6.322    7.114    7.228    7.811    7.822
    7.996    8.319    9.211    9.357   11.039   11.469   11.670   12.215   13.194   13.729
   14.906   15.086   16.353   16.374
            0.133333  0.000000  0.724787
  -61.427  -60.685  -31.861  -31.385  -31.105  -30.828  -30.736  -30.465   -6.265   -6.259
   -5.943   -5.940    5.457    5.480    6.008    6.376    7.085    7.205    7.784    7.810
    7.946    8.269    9.238    9.382   11.037   11.467   11.704   12.282   13.166   13.735
   14.964   15.137   16.276   16.295
            0.116667  0.000000  0.724787
  -61.427  -60.685  -31.861  -31.384  -31.105  -30.828  -30.736  -30.465   -6.258   -6.251
   -5.951   -5.948    5.454    5.497    6.027    6.434    7.055    7.181    7.743    7.799
    7.915    8.224    9.263    9.406   11.035   11.466   11.734   12.345   13.137   13.740
   15.024   15.190   16.198   16.216
            0.100000  0.000000  0.724787
  -61.427  -60.685  -31.861  -31.384  -31.105  -30.828  -30.736  -30.465   -6.251   -6.244
   -5.959   -5.955    5.450    5.511    6.048    6.494    7.025    7.152    7.694    7.790
    7.898    8.185    9.284    9.427   11.034   11.465   11.761   12.405   13.108   13.745
   15.084   15.245   16.121   16.139
            0.083333  0.000000  0.724787
  -61.427  -60.685  -31.861  -31.384  -31.105  -30.828  -30.736  -30.465   -6.245   -6.237
   -5.967   -5.962    5.446    5.522    6.070    6.555    6.997    7.120    7.645    7.782
    7.889    8.153    9.303    9.445   11.032   11.463   11.783   12.460   13.078   13.749
   15.145   15.301   16.045   16.064
            0.066667  0.000000  0.724787
  -61.427  -60.685  -31.861  -31.384  -31.105  -30.828  -30.736  -30.465   -6.239   -6.231
   -5.973   -5.968    5.443    5.530    6.092    6.619    6.971    7.082    7.601    7.775
    7.884    8.126    9.318    9.460   11.031   11.462   11.801   12.510   13.049   13.753
   15.203   15.359   15.972   15.993
            0.050000  0.000000  0.724787
  -61.427  -60.685  -31.861  -31.384  -31.105  -30.828  -30.736  -30.465   -6.235   -6.226
   -5.978   -5.972    5.441    5.536    6.111    6.683    6.948    7.038    7.565    7.770
    7.881    8.105    9.330    9.472   11.030   11.461   11.815   12.554   13.022   13.756
   15.258   15.417   15.901   15.929
            0.033333  0.000000  0.724787
  -61.427  -60.685  -31.861  -31.384  -31.104  -30.828  -30.736  -30.465   -6.232   -6.223
   -5.982   -5.976    5.439    5.541    6.126    6.748    6.930    6.989    7.539    7.767
    7.879    8.090    9.339    9.481   11.030   11.461   11.825   12.588   12.999   13.759
   15.305   15.472   15.837   15.875
            0.016667  0.000000  0.724787
  -61.427  -60.685  -31.861  -31.384  -31.104  -30.828  -30.736  -30.465   -6.230   -6.220
   -5.985   -5.978    5.438    5.543    6.136    6.811    6.919    6.934    7.524    7.764
    7.878    8.082    9.344    9.486   11.029   11.460   11.831   12.611   12.984   13.760
   15.339   15.517   15.786   15.837
            0.000000  0.000000  0.724787
  -61.427  -60.685  -31.861  -31.384  -31.104  -30.828  -30.736  -30.465   -6.229   -6.219
   -5.986   -5.979    5.438    5.544    6.140    6.866    6.882    6.915    7.518    7.764
    7.878    8.079    9.346    9.488   11.029   11.460   11.833   12.619   12.978   13.761
   15.351   15.537   15.765   15.824
            0.000000  0.000000  0.707530
  -61.427  -60.685  -31.861  -31.384  -31.105  -30.828  -30.736  -30.465   -6.247   -6.203
   -5.985   -5.978    5.435    5.545    6.139    6.862    6.865    6.932    7.503    7.769
    7.879    8.096    9.345    9.487   11.029   11.462   11.830   12.617   12.981   13.758
   15.353   15.534   15.765   15.829
            0.000000  0.000000  0.690273
  -61.427  -60.685  -31.861  -31.383  -31.105  -30.828  -30.735  -30.465   -6.272   -6.185
   -5.983   -5.976    5.429    5.549    6.138    6.838    6.851    6.959    7.460    7.784
    7.884    8.141    9.343    9.484   11.027   11.468   11.821   12.612   12.991   13.751
   15.357   15.524   15.767   15.844
            0.000000  0.000000  0.673016
  -61.427  -60.685  -31.861  -31.382  -31.105  -30.828  -30.734  -30.465   -6.298   -6.168
   -5.980   -5.973    5.419    5.554    6.136    6.810    6.833    6.988    7.399    7.809
    7.891    8.207    9.340    9.480   11.026   11.476   11.807   12.603   13.007   13.739
   15.365   15.510   15.771   15.869
            0.000000  0.000000  0.655760
  -61.427  -60.686  -31.862  -31.381  -31.105  -30.828  -30.732  -30.465   -6.326   -6.154
   -5.976   -5.969    5.406    5.560    6.134    6.783    6.809    7.019    7.328    7.842
    7.901    8.284    9.336    9.473   11.024   11.488   11.787   12.591   13.028   13.722
   15.376   15.493   15.776   15.901
            0.000000  0.000000  0.638503
  -61.427  -60.686  -31.862  -31.379  -31.106  -30.828  -30.730  -30.466   -6.356   -6.142
   -5.970   -5.964    5.391    5.566    6.131    6.756    6.781    7.051    7.252    7.882
    7.914    8.369    9.331    9.465   11.022   11.501   11.764   12.575   13.055   13.701
   15.389   15.472   15.782   15.939
            0.000000  0.000000  0.621246
  -61.427  -60.686  -31.862  -31.377  -31.106  -30.829  -30.728  -30.466   -6.387   -6.132
   -5.964   -5.957    5.372    5.570    6.127    6.732    6.749    7.085    7.173    7.928
    7.930    8.459    9.324    9.454   11.021   11.515   11.736   12.555   13.086   13.675
   15.406   15.449   15.791   15.984
            0.000000  0.000000  0.603989
  -61.427  -60.686  -31.862  -31.374  -31.107  -30.829  -30.725  -30.467   -6.420   -6.124
   -5.956   -5.950    5.352    5.571    6.123    6.711    6.715    7.092    7.122    7.949
    7.980    8.552    9.316    9.442   11.021   11.530   11.705   12.532   13.120   13.646
   15.422   15.427   15.801   16.035
            0.000000  0.000000  0.586732
  -61.428  -60.686  -31.862  -31.371  -31.107  -30.829  -30.722  -30.467   -6.454   -6.118
   -5.947   -5.941    5.329    5.568    6.118    6.679    6.694    7.011    7.161    7.970
    8.036    8.646    9.306    9.428   11.022   11.543   11.672   12.506   13.158   13.612
   15.397   15.447   15.813   16.090
            0.000000  0.000000  0.569475
  -61.428  -60.686  -31.863  -31.367  -31.108  -30.829  -30.718  -30.468   -6.490   -6.114
   -5.937   -5.932    5.304    5.561    6.112    6.642    6.683    6.931    7.204    7.995
    8.095    8.742    9.295    9.412   11.024   11.556   11.636   12.476   13.198   13.575
   15.368   15.472   15.827   16.151
            0.000000  0.000000  0.552219
  -61.428  -60.686  -31.863  -31.364  -31.109  -30.829  -30.714  -30.468   -6.526   -6.111
   -5.926   -5.921    5.276    5.549    6.107    6.604    6.678    6.852    7.250    8.022
    8.158    8.838    9.282    9.394   11.028   11.567   11.599   12.443   13.240   13.534
   15.336   15.499   15.843   16.216
            0.000000  0.000000  0.534962
  -61.428  -60.687  -31.863  -31.359  -31.109  -30.829  -30.710  -30.469   -6.564   -6.111
   -5.914   -5.910    5.245    5.530    6.101    6.566    6.681    6.773    7.300    8.052
    8.223    8.935    9.268    9.375   11.032   11.561   11.576   12.406   13.283   13.491
   15.303   15.529   15.861   16.286
            0.000000  0.000000  0.517705
  -61.428  -60.687  -31.863  -31.355  -31.110  -30.829  -30.705  -30.470   -6.602   -6.113
   -5.901   -5.897    5.212    5.504    6.094    6.529    6.692    6.697    7.354    8.084
    8.291    9.032    9.252    9.353   11.038   11.523   11.582   12.367   13.328   13.444
   15.267   15.561   15.882   16.361
            0.000000  0.000000  0.500448
  -61.429  -60.687  -31.864  -31.350  -31.111  -30.830  -30.700  -30.471   -6.641   -6.116
   -5.888   -5.884    5.178    5.472    6.088    6.492    6.621    6.712    7.412    8.120
    8.360    9.128    9.235    9.330   11.044   11.484   11.585   12.324   13.373   13.394
   15.229   15.596   15.905   16.439
            0.000000  0.000000  0.483191
  -61.429  -60.688  -31.864  -31.345  -31.112  -30.830  -30.695  -30.472   -6.681   -6.121
   -5.873   -5.870    5.141    5.434    6.081    6.456    6.548    6.741    7.474    8.157
    8.432    9.216    9.224    9.305   11.052   11.445   11.585   12.279   13.342   13.419
   15.188   15.633   15.931   16.520
            0.000000  0.000000  0.465934
  -61.429  -60.688  -31.864  -31.340  -31.113  -30.830  -30.690  -30.473   -6.720   -6.127
   -5.858   -5.856    5.102    5.390    6.075    6.420    6.476    6.778    7.541    8.198
    8.505    9.196    9.278    9.319   11.059   11.406   11.582   12.230   13.287   13.465
   15.145   15.673   15.959   16.604
            0.000000  0.000000  0.448678
  -61.430  -60.688  -31.865  -31.335  -31.114  -30.830  -30.684  -30.474   -6.760   -6.135
   -5.843   -5.840    5.061    5.341    6.068    6.386    6.407    6.822    7.611    8.240
    8.579    9.175    9.251    9.413   11.067   11.367   11.575   12.179   13.230   13.511
   15.099   15.715   15.991   16.691
            0.000000  0.000000  0.431421
  -61.430  -60.688  -31.865  -31.329  -31.115  -30.831  -30.678  -30.475   -6.800   -6.144
   -5.827   -5.825    5.020    5.289    6.062    6.338    6.354    6.874    7.686    8.285
    8.653    9.152    9.222    9.505   11.075   11.329   11.565   12.124   13.172   13.557
   15.051   15.759   16.024   16.780
            0.000000  0.000000  0.414164
  -61.430  -60.689  -31.866  -31.324  -31.117  -30.831  -30.672  -30.476   -6.840   -6.154
   -5.810   -5.809    4.977    5.233    6.056    6.273    6.322    6.932    7.764    8.331
    8.728    9.129    9.193    9.597   11.083   11.291   11.552   12.068   13.111   13.602
   15.001   15.805   16.061   16.871
            0.000000  0.000000  0.396907
  -61.430  -60.689  -31.866  -31.318  -31.118  -30.831  -30.666  -30.477   -6.880   -6.165
   -5.793   -5.792    4.934    5.175    6.050    6.210    6.292    6.995    7.846    8.379
    8.803    9.105    9.164    9.686   11.090   11.255   11.536   12.008   13.048   13.647
   14.948   15.853   16.100   16.962
            0.000000  0.000000  0.379650
  -61.431  -60.689  -31.866  -31.312  -31.119  -30.831  -30.660  -30.478   -6.919   -6.177
   -5.776   -5.776    4.890    5.116    6.044    6.150    6.263    7.063    7.931    8.428
    8.874    9.082    9.138    9.774   11.097   11.219   11.516   11.947   12.984   13.691
   14.893   15.903   16.142   17.054
            0.000000  0.000000  0.362393
  -61.431  -60.690  -31.867  -31.306  -31.120  -30.832  -30.654  -30.479   -6.958   -6.189
   -5.759   -5.759    4.846    5.055    6.039    6.091    6.235    7.135    8.019    8.477
    8.934    9.059    9.123    9.859   11.102   11.184   11.494   11.883   12.919   13.733
   14.836   15.954   16.186   17.145
            0.000000  0.000000  0.345137
  -61.431  -60.690  -31.867  -31.300  -31.121  -30.832  -30.648  -30.480   -6.995   -6.203
   -5.743   -5.741    4.802    4.995    6.033    6.036    6.209    7.211    8.111    8.526
    8.967    9.038    9.135    9.942   11.105   11.151   11.469   11.816   12.852   13.775
   14.778   16.008   16.232   17.236
            0.000000  0.000000  0.327880
  -61.432  -60.691  -31.868  -31.294  -31.122  -30.832  -30.642  -30.481   -7.032   -6.216
   -5.726   -5.724    4.759    4.935    5.981    6.030    6.185    7.289    8.204    8.572
    8.962    9.022    9.185   10.022   11.107   11.119   11.442   11.748   12.785   13.815
   14.718   16.062   16.281   17.326
            0.000000  0.000000  0.310623
  -61.432  -60.691  -31.868  -31.289  -31.123  -30.832  -30.636  -30.482   -7.068   -6.230
   -5.709   -5.707    4.717    4.876    5.930    6.026    6.162    7.370    8.300    8.612
    8.938    9.012    9.254   10.100   11.088   11.107   11.413   11.678   12.716   13.854
   14.658   16.118   16.331   17.413
            0.000000  0.000000  0.293366
  -61.432  -60.691  -31.869  -31.283  -31.125  -30.833  -30.630  -30.483   -7.103   -6.244
   -5.693   -5.690    4.675    4.819    5.882    6.022    6.141    7.453    8.399    8.644
    8.908    9.013    9.330   10.175   11.058   11.103   11.383   11.606   12.646   13.892
   14.596   16.174   16.382   17.499
            0.000000  0.000000  0.276109
  -61.433  -60.692  -31.869  -31.277  -31.126  -30.833  -30.624  -30.484   -7.137   -6.258
   -5.677   -5.673    4.635    4.763    5.836    6.020    6.121    7.537    8.498    8.663
    8.874    9.028    9.409   10.246   11.031   11.096   11.352   11.532   12.576   13.928
   14.535   16.232   16.435   17.582
            0.000000  0.000000  0.258852
  -61.433  -60.692  -31.869  -31.272  -31.127  -30.833  -30.618  -30.485   -7.169   -6.272
   -5.661   -5.657    4.595    4.709    5.792    6.017    6.103    7.621    8.600    8.669
    8.839    9.059    9.489   10.314   11.004   11.084   11.321   11.456   12.506   13.962
   14.473   16.289   16.489   17.661
            0.000000  0.000000  0.241596
  -61.433  -60.692  -31.870  -31.267  -31.128  -30.833  -30.613  -30.486   -7.200   -6.286
   -5.646   -5.642    4.558    4.658    5.752    6.015    6.086    7.705    8.663    8.702
    8.805    9.103    9.570   10.378   10.980   11.065   11.292   11.379   12.435   13.995
   14.412   16.346   16.543   17.738
            0.000000  0.000000  0.224339
  -61.434  -60.692  -31.870  -31.262  -31.129  -30.834  -30.607  -30.487   -7.229   -6.299
   -5.632   -5.627    4.522    4.609    5.714    6.014    6.071    7.789    8.649    8.771
    8.805    9.158    9.650   10.439   10.957   11.040   11.266   11.301   12.364   14.025
   14.352   16.403   16.596   17.810
            0.000000  0.000000  0.207082
  -61.434  -60.693  -31.870  -31.257  -31.130  -30.834  -30.602  -30.487   -7.257   -6.312
   -5.618   -5.612    4.489    4.563    5.678    6.013    6.057    7.871    8.630    8.738
    8.908    9.220    9.730   10.495   10.936   11.007   11.222   11.243   12.293   14.054
   14.294   16.458   16.650   17.878
            0.000000  0.000000  0.189825
  -61.434  -60.693  -31.871  -31.252  -31.130  -30.834  -30.598  -30.488   -7.282   -6.324
   -5.605   -5.599    4.457    4.520    5.646    6.013    6.045    7.950    8.609    8.706
    9.011    9.287    9.809   10.547   10.918   10.967   11.141   11.224   12.223   14.081
   14.238   16.512   16.702   17.941
            0.000000  0.000000  0.172568
  -61.434  -60.693  -31.871  -31.248  -31.131  -30.834  -30.593  -30.489   -7.306   -6.336
   -5.593   -5.586    4.428    4.480    5.616    6.012    6.033    8.027    8.587    8.676
    9.114    9.358    9.886   10.594   10.902   10.921   11.059   11.207   12.154   14.105
   14.185   16.564   16.752   18.000
            0.000000  0.000000  0.155311
  -61.435  -60.693  -31.871  -31.244  -31.132  -30.835  -30.589  -30.490   -7.327   -6.347
   -5.581   -5.574    4.401    4.443    5.589    6.012    6.024    8.100    8.564    8.648
    9.216    9.432    9.961   10.635   10.869   10.888   10.977   11.192   12.086   14.127
   14.135   16.614   16.801   18.053
            0.000000  0.000000  0.138055
  -61.435  -60.694  -31.871  -31.241  -31.133  -30.835  -30.585  -30.490   -7.347   -6.356
   -5.571   -5.564    4.377    4.410    5.565    6.012    6.015    8.169    8.543    8.622
    9.317    9.508   10.033   10.671   10.812   10.878   10.895   11.178   12.021   14.088
   14.148   16.660   16.846   18.101
            0.000000  0.000000  0.120798
  -61.435  -60.694  -31.872  -31.238  -31.133  -30.835  -30.582  -30.491   -7.365   -6.365
   -5.562   -5.554    4.355    4.381    5.543    6.007    6.013    8.232    8.523    8.598
    9.416    9.586   10.101   10.700   10.753   10.811   10.872   11.165   11.959   14.046
   14.166   16.703   16.888   18.142
            0.000000  0.000000  0.103541
  -61.435  -60.694  -31.872  -31.235  -31.134  -30.835  -30.579  -30.491   -7.380   -6.373
   -5.554   -5.546    4.336    4.356    5.525    6.001    6.014    8.289    8.505    8.577
    9.512    9.664   10.165   10.690   10.720   10.729   10.870   11.154   11.900   14.008
   14.181   16.741   16.926   18.178
            0.000000  0.000000  0.086284
  -61.435  -60.694  -31.872  -31.232  -31.134  -30.835  -30.577  -30.492   -7.393   -6.380
   -5.547   -5.539    4.320    4.334    5.509    5.996    6.014    8.339    8.489    8.559
    9.605    9.744   10.223   10.627   10.645   10.736   10.873   11.144   11.847   13.976
   14.195   16.774   16.959   18.206
            0.000000  0.000000  0.069027
  -61.436  -60.694  -31.872  -31.230  -31.135  -30.835  -30.575  -30.492   -7.404   -6.386
   -5.541   -5.533    4.306    4.316    5.496    5.992    6.015    8.381    8.475    8.544
    9.692    9.822   10.274   10.563   10.563   10.744   10.879   11.135   11.800   13.948
   14.206   16.803   16.987   18.228
            0.000000  0.000000  0.051770
  -61.436  -60.694  -31.872  -31.229  -31.135  -30.835  -30.573  -30.492   -7.412   -6.390
   -5.536   -5.528    4.296    4.302    5.486    5.988    6.016    8.414    8.464    8.532
    9.771    9.899   10.316   10.484   10.502   10.748   10.886   11.127   11.761   13.927
   14.214   16.825   17.010   18.242
            0.000000  0.000000  0.034514
  -61.436  -60.694  -31.872  -31.228  -31.135  -30.835  -30.572  -30.493   -7.418   -6.393
   -5.533   -5.525    4.288    4.293    5.479    5.986    6.016    8.439    8.457    8.524
    9.838    9.971   10.347   10.411   10.448   10.750   10.892   11.122   11.731   13.911
   14.220   16.841   17.026   18.250
            0.000000  0.000000  0.017257
  -61.436  -60.695  -31.872  -31.227  -31.135  -30.835  -30.571  -30.493   -7.422   -6.395
   -5.531   -5.523    4.283    4.287    5.475    5.985    6.016    8.452    8.454    8.519
    9.885   10.029   10.352   10.366   10.410   10.751   10.896   11.119   11.713   13.902
   14.224   16.851   17.036   18.254
            0.000000  0.000000  0.000000
  -61.436  -60.695  -31.872  -31.227  -31.135  -30.835  -30.571  -30.493   -7.423   -6.396
   -5.531   -5.522    4.281    4.285    5.473    5.984    6.016    8.450    8.459    8.517
    9.903   10.054   10.327   10.371   10.397   10.751   10.897   11.118   11.707   13.899
   14.225   16.855   17.039   18.255
            0.011905  0.011905  0.000000
  -61.436  -60.695  -31.872  -31.227  -31.135  -30.835  -30.571  -30.493   -7.422   -6.396
   -5.532   -5.522    4.285    4.285    5.475    5.984    6.017    8.443    8.456    8.517
    9.870   10.091   10.307   10.362   10.406   10.762   10.897   11.126   11.707   13.903
   14.224   16.855   17.037   18.253
            0.023810  0.023810  0.000000
  -61.436  -60.695  -31.872  -31.227  -31.135  -30.835  -30.571  -30.493   -7.419   -6.395
   -5.537   -5.523    4.286    4.298    5.480    5.984    6.021    8.422    8.446    8.516
    9.808   10.163   10.264   10.334   10.423   10.793   10.895   11.149   11.707   13.915
   14.219   16.855   17.030   18.247
            0.035714  0.035714  0.000000
  -61.436  -60.695  -31.872  -31.227  -31.135  -30.835  -30.571  -30.493   -7.414   -6.394
   -5.546   -5.524    4.286    4.320    5.489    5.983    6.027    8.387    8.431    8.514
    9.743   10.210   10.246   10.294   10.438   10.833   10.894   11.185   11.707   13.935
   14.211   16.855   17.019   18.236
            0.047619  0.047619  0.000000
  -61.436  -60.695  -31.872  -31.227  -31.135  -30.835  -30.571  -30.493   -7.407   -6.392
   -5.558   -5.525    4.286    4.350    5.502    5.982    6.034    8.339    8.410    8.511
    9.682   10.148   10.247   10.332   10.451   10.859   10.915   11.229   11.707   13.962
   14.200   16.854   17.004   18.221
            0.059524  0.059524  0.000000
  -61.436  -60.695  -31.872  -31.227  -31.135  -30.835  -30.571  -30.493   -7.398   -6.390
   -5.572   -5.527    4.286    4.388    5.518    5.981    6.044    8.278    8.384    8.508
    9.625   10.081   10.197   10.419   10.461   10.857   10.967   11.279   11.708   13.997
   14.186   16.854   16.984   18.201
            0.071429  0.071429  0.000000
  -61.436  -60.695  -31.872  -31.227  -31.135  -30.835  -30.571  -30.493   -7.387   -6.387
   -5.590   -5.529    4.287    4.434    5.538    5.980    6.056    8.206    8.352    8.504
    9.573   10.012   10.145   10.471   10.507   10.846   11.029   11.331   11.708   14.038
   14.169   16.854   16.962   18.176
            0.083333  0.083333  0.000000
  -61.436  -60.695  -31.872  -31.227  -31.135  -30.835  -30.571  -30.493   -7.374   -6.384
   -5.610   -5.531    4.287    4.488    5.561    5.979    6.069    8.124    8.316    8.500
    9.527    9.940   10.093   10.479   10.595   10.831   11.095   11.383   11.709   14.085
   14.150   16.854   16.936   18.146
            0.095238  0.095238  0.000000
  -61.436  -60.695  -31.872  -31.227  -31.135  -30.835  -30.571  -30.493   -7.360   -6.381
   -5.633   -5.534    4.287    4.549    5.588    5.977    6.084    8.034    8.277    8.494
    9.486    9.869   10.040   10.486   10.681   10.813   11.164   11.435   11.709   14.129
   14.137   16.853   16.908   18.111
            0.107143  0.107143  0.000000
  -61.436  -60.695  -31.872  -31.227  -31.136  -30.835  -30.571  -30.493   -7.344   -6.378
   -5.657   -5.537    4.288    4.616    5.618    5.975    6.101    7.935    8.235    8.489
    9.450    9.797    9.988   10.493   10.764   10.793   11.234   11.484   11.710   14.106
   14.193   16.853   16.878   18.071
            0.119048  0.119048  0.000000
  -61.436  -60.695  -31.872  -31.227  -31.136  -30.835  -30.571  -30.493   -7.326   -6.375
   -5.683   -5.541    4.288    4.689    5.651    5.973    6.118    7.831    8.191    8.483
    9.420    9.726    9.937   10.499   10.770   10.845   11.305   11.530   11.711   14.082
   14.253   16.846   16.853   18.027
            0.130952  0.130952  0.000000
  -61.436  -60.695  -31.872  -31.227  -31.136  -30.835  -30.571  -30.493   -7.308   -6.372
   -5.711   -5.544    4.289    4.768    5.688    5.971    6.135    7.723    8.147    8.476
    9.393    9.657    9.886   10.504   10.745   10.922   11.376   11.572   11.712   14.056
   14.317   16.814   16.852   17.977
            0.142857  0.142857  0.000000
  -61.436  -60.695  -31.872  -31.227  -31.136  -30.835  -30.571  -30.493   -7.288   -6.369
   -5.739   -5.548    4.289    4.850    5.727    5.969    6.153    7.611    8.104    8.469
    9.371    9.589    9.836   10.509   10.717   10.994   11.448   11.610   11.713   14.029
   14.383   16.782   16.852   17.924
            0.154762  0.154762  0.000000
  -61.436  -60.695  -31.872  -31.227  -31.136  -30.835  -30.571  -30.494   -7.266   -6.367
   -5.767   -5.553    4.290    4.936    5.770    5.966    6.171    7.499    8.063    8.461
    9.352    9.522    9.787   10.513   10.687   11.060   11.520   11.643   11.713   14.002
   14.451   16.750   16.851   17.865
            0.166667  0.166667  0.000000
  -61.436  -60.695  -31.872  -31.227  -31.136  -30.835  -30.571  -30.494   -7.244   -6.366
   -5.794   -5.557    4.290    5.023    5.816    5.964    6.187    7.388    8.024    8.454
    9.336    9.458    9.739   10.517   10.655   11.121   11.592   11.671   11.714   13.975
   14.520   16.721   16.851   17.802
            0.178571  0.178571  0.000000
  -61.436  -60.695  -31.872  -31.227  -31.136  -30.835  -30.571  -30.494   -7.222   -6.366
   -5.820   -5.562    4.291    5.109    5.865    5.961    6.202    7.281    7.990    8.446
    9.322    9.397    9.691   10.520   10.621   11.175   11.664   11.694   11.715   13.948
   14.591   16.693   16.850   17.734
            0.190476  0.190476  0.000000
  -61.436  -60.695  -31.872  -31.227  -31.136  -30.835  -30.571  -30.494   -7.198   -6.368
   -5.845   -5.566    4.292    5.193    5.917    5.958    6.215    7.180    7.962    8.438
    9.311    9.337    9.643   10.523   10.584   11.221   11.711   11.717   11.735   13.921
   14.662   16.668   16.850   17.663
            0.202381  0.202381  0.000000
  -61.436  -60.695  -31.872  -31.227  -31.136  -30.835  -30.571  -30.494   -7.174   -6.373
   -5.866   -5.571    4.292    5.270    5.955    5.972    6.226    7.090    7.939    8.429
    9.280    9.301    9.596   10.524   10.547   11.259   11.718   11.724   11.805   13.895
   14.733   16.647   16.849   17.587
            0.214286  0.214286  0.000000
  -61.436  -60.695  -31.872  -31.227  -31.136  -30.835  -30.571  -30.494   -7.150   -6.380
   -5.884   -5.576    4.293    5.337    5.952    6.029    6.233    7.014    7.924    8.421
    9.226    9.293    9.550   10.505   10.528   11.289   11.719   11.731   11.874   13.870
   14.804   16.630   16.849   17.507
            0.226190  0.226190  0.000000
  -61.436  -60.695  -31.872  -31.227  -31.136  -30.835  -30.571  -30.494   -7.126   -6.391
   -5.898   -5.581    4.293    5.389    5.949    6.089    6.237    6.957    7.917    8.412
    9.175    9.286    9.503   10.464   10.528   11.310   11.720   11.733   11.941   13.846
   14.875   16.617   16.848   17.424
            0.238095  0.238095  0.000000
  -61.436  -60.695  -31.872  -31.227  -31.136  -30.835  -30.571  -30.494   -7.102   -6.405
   -5.907   -5.586    4.294    5.421    5.946    6.152    6.237    6.925    7.917    8.404
    9.127    9.281    9.457   10.421   10.529   11.321   11.721   11.730   12.007   13.824
   14.944   16.609   16.848   17.337
            0.250000  0.250000  0.000000
  -61.436  -60.695  -31.872  -31.227  -31.136  -30.835  -30.571  -30.494   -7.078   -6.422
   -5.912   -5.592    4.294    5.430    5.943    6.217    6.233    6.921    7.927    8.395
    9.082    9.276    9.411   10.377   10.529   11.323   11.722   11.722   12.071   13.804
   15.013   16.607   16.847   17.247
            0.261905  0.261905  0.000000
  -61.436  -60.695  -31.872  -31.227  -31.136  -30.835  -30.571  -30.494   -7.055   -6.442
   -5.912   -5.597    4.295    5.414    5.940    6.226    6.284    6.946    7.945    8.387
    9.041    9.273    9.364   10.332   10.529   11.315   11.709   11.724   12.133   13.786
   15.080   16.609   16.847   17.155
            0.273810  0.273810  0.000000
  -61.436  -60.695  -31.872  -31.227  -31.136  -30.835  -30.571  -30.494   -7.032   -6.465
   -5.908   -5.602    4.295    5.376    5.937    6.215    6.353    6.997    7.972    8.379
    9.004    9.270    9.316   10.287   10.529   11.297   11.690   11.725   12.192   13.770
   15.145   16.616   16.846   17.061
            0.285714  0.285714  0.000000
  -61.436  -60.695  -31.872  -31.227  -31.136  -30.835  -30.571  -30.494   -7.010   -6.490
   -5.901   -5.607    4.296    5.320    5.934    6.201    6.424    7.069    8.007    8.371
    8.972    9.267    9.268   10.241   10.528   11.271   11.667   11.726   12.249   13.756
   15.208   16.629   16.845   16.966
            0.297619  0.297619  0.000000
  -61.436  -60.695  -31.872  -31.227  -31.137  -30.835  -30.571  -30.494   -6.989   -6.517
   -5.890   -5.612    4.296    5.251    5.931    6.184    6.496    7.158    8.050    8.363
    8.945    9.219    9.265   10.196   10.527   11.235   11.638   11.727   12.302   13.745
   15.269   16.645   16.845   16.869
            0.309524  0.309524  0.000000
  -61.436  -60.695  -31.872  -31.227  -31.137  -30.835  -30.571  -30.494   -6.969   -6.544
   -5.877   -5.616    4.296    5.174    5.928    6.165    6.571    7.258    8.100    8.356
    8.923    9.169    9.264   10.151   10.525   11.191   11.605   11.729   12.353   13.736
   15.327   16.666   16.773   16.844
            0.321429  0.321429  0.000000
  -61.436  -60.695  -31.873  -31.227  -31.137  -30.835  -30.571  -30.494   -6.950   -6.571
   -5.862   -5.621    4.297    5.091    5.925    6.144    6.647    7.365    8.156    8.349
    8.909    9.118    9.263   10.107   10.523   11.139   11.566   11.730   12.400   13.729
   15.383   16.677   16.690   16.844
            0.333333  0.333333  0.000000
  -61.436  -60.695  -31.873  -31.227  -31.137  -30.835  -30.571  -30.494   -6.932   -6.599
   -5.845   -5.625    4.297    5.007    5.923    6.122    6.724    7.474    8.219    8.342
    8.903    9.065    9.262   10.065   10.521   11.080   11.523   11.731   12.444   13.725
   15.435   16.582   16.717   16.843
            0.345238  0.345238  0.000000
  -61.436  -60.695  -31.873  -31.227  -31.137  -30.835  -30.571  -30.494   -6.915   -6.625
   -5.828   -5.630    4.297    4.922    5.920    6.100    6.802    7.581    8.287    8.335
    8.906    9.010    9.261   10.024   10.519   11.014   11.475   11.732   12.484   13.723
   15.485   16.489   16.746   16.843
            0.357143  0.357143  0.000000
  -61.436  -60.695  -31.873  -31.227  -31.137  -30.835  -30.571  -30.494   -6.900   -6.651
   -5.809   -5.634    4.297    4.840    5.918    6.078    6.881    7.682    8.328    8.360
    8.922    8.954    9.261    9.985   10.517   10.942   11.421   11.733   12.521   13.723
   15.530   16.399   16.777   16.842
            0.369048  0.369048  0.000000
  -61.436  -60.695  -31.873  -31.227  -31.137  -30.835  -30.571  -30.494   -6.885   -6.676
   -5.791   -5.637    4.298    4.761    5.915    6.056    6.961    7.775    8.321    8.436
    8.897    8.950    9.261    9.949   10.514   10.865   11.364   11.734   12.554   13.725
   15.572   16.314   16.808   16.842
            0.380952  0.380952  0.000000
  -61.436  -60.695  -31.873  -31.227  -31.137  -30.835  -30.571  -30.494   -6.872   -6.699
   -5.773   -5.641    4.298    4.685    5.913    6.035    7.041    7.857    8.315    8.516
    8.838    8.994    9.261    9.915   10.511   10.784   11.301   11.735   12.583   13.728
   15.610   16.233   16.839   16.842
            0.392857  0.392857  0.000000
  -61.436  -60.695  -31.873  -31.227  -31.137  -30.835  -30.571  -30.494   -6.861   -6.720
   -5.755   -5.644    4.298    4.615    5.911    6.015    7.121    7.925    8.308    8.599
    8.778    9.052    9.261    9.884   10.508   10.700   11.235   11.736   12.610   13.733
   15.644   16.158   16.841   16.870
            0.404762  0.404762  0.000000
  -61.436  -60.695  -31.873  -31.227  -31.137  -30.835  -30.571  -30.494   -6.850   -6.740
   -5.738   -5.647    4.298    4.551    5.909    5.996    7.200    7.980    8.301    8.683
    8.719    9.125    9.261    9.856   10.504   10.614   11.164   11.737   12.632   13.738
   15.673   16.090   16.841   16.900
            0.416667  0.416667  0.000000
  -61.436  -60.695  -31.873  -31.227  -31.137  -30.835  -30.571  -30.494   -6.841   -6.757
   -5.723   -5.650    4.298    4.493    5.908    5.980    7.278    8.023    8.292    8.660
    8.768    9.209    9.261    9.831   10.499   10.527   11.091   11.737   12.652   13.744
   15.696   16.030   16.841   16.927
            0.428571  0.428571  0.000000
  -61.436  -60.695  -31.873  -31.227  -31.137  -30.835  -30.571  -30.493   -6.833   -6.773
   -5.709   -5.652    4.297    4.443    5.906    5.965    7.355    8.054    8.282    8.603
    8.851    9.261    9.301    9.809   10.440   10.494   11.017   11.738   12.669   13.749
   15.712   15.981   16.840   16.952
            0.440476  0.440476  0.000000
  -61.436  -60.695  -31.873  -31.227  -31.137  -30.835  -30.571  -30.493   -6.826   -6.786
   -5.696   -5.654    4.297    4.399    5.905    5.952    7.427    8.077    8.270    8.551
    8.933    9.261    9.398    9.791   10.356   10.487   10.943   11.738   12.682   13.755
   15.721   15.943   16.840   16.974
            0.452381  0.452381  0.000000
  -61.436  -60.695  -31.873  -31.227  -31.137  -30.835  -30.571  -30.493   -6.821   -6.797
   -5.686   -5.655    4.295    4.364    5.904    5.941    7.496    8.093    8.253    8.505
    9.009    9.262    9.493    9.776   10.277   10.477   10.873   11.739   12.693   13.760
   15.722   15.918   16.840   16.993
            0.464286  0.464286  0.000000
  -61.436  -60.695  -31.873  -31.227  -31.137  -30.835  -30.571  -30.493   -6.816   -6.806
   -5.678   -5.657    4.293    4.338    5.903    5.933    7.556    8.103    8.234    8.469
    9.078    9.262    9.581    9.764   10.207   10.465   10.812   11.739   12.702   13.764
   15.717   15.904   16.840   17.008
            0.476190  0.476190  0.000000
  -61.436  -60.695  -31.873  -31.227  -31.137  -30.835  -30.571  -30.493   -6.813   -6.812
   -5.672   -5.658    4.289    4.322    5.903    5.926    7.606    8.110    8.213    8.444
    9.133    9.262    9.655    9.756   10.151   10.451   10.764   11.739   12.708   13.767
   15.710   15.897   16.840   17.019
            0.488095  0.488095  0.000000
  -61.436  -60.695  -31.874  -31.227  -31.137  -30.835  -30.571  -30.493   -6.816   -6.811
   -5.668   -5.658    4.283    4.315    5.902    5.923    7.639    8.114    8.196    8.430
    9.169    9.262    9.705    9.751   10.113   10.438   10.733   11.740   12.711   13.769
   15.704   15.895   16.840   17.025
            0.500000  0.500000  0.000000
  -61.436  -60.695  -31.874  -31.227  -31.137  -30.835  -30.571  -30.493   -6.817   -6.811
   -5.667   -5.658    4.281    4.313    5.902    5.922    7.651    8.116    8.190    8.425
    9.182    9.262    9.723    9.749   10.100   10.433   10.723   11.740   12.712   13.770
   15.701   15.894   16.840   17.027
            0.500000  0.500000  0.017257
  -61.436  -60.695  -31.873  -31.227  -31.137  -30.835  -30.571  -30.493   -6.816   -6.810
   -5.668   -5.659    4.283    4.314    5.901    5.920    7.652    8.119    8.193    8.426
    9.175    9.254    9.711    9.746   10.112   10.439   10.727   11.743   12.711   13.768
   15.703   15.896   16.836   17.024
            0.500000  0.500000  0.034514
  -61.436  -60.695  -31.873  -31.227  -31.137  -30.835  -30.572  -30.493   -6.813   -6.807
   -5.669   -5.661    4.288    4.320    5.899    5.915    7.655    8.128    8.202    8.428
    9.154    9.229    9.678    9.736   10.146   10.456   10.740   11.752   12.706   13.764
   15.706   15.899   16.827   17.015
            0.500000  0.500000  0.051770
  -61.436  -60.694  -31.873  -31.229  -31.137  -30.835  -30.573  -30.493   -6.808   -6.802
   -5.672   -5.664    4.297    4.328    5.895    5.907    7.659    8.144    8.217    8.433
    9.120    9.188    9.633    9.719   10.194   10.482   10.761   11.768   12.699   13.756
   15.713   15.906   16.812   17.001
            0.500000  0.500000  0.069027
  -61.436  -60.694  -31.873  -31.230  -31.137  -30.835  -30.575  -30.493   -6.802   -6.796
   -5.676   -5.668    4.308    4.340    5.889    5.897    7.666    8.165    8.238    8.439
    9.075    9.135    9.581    9.696   10.250   10.516   10.788   11.790   12.689   13.746
   15.721   15.915   16.790   16.980
            0.500000  0.500000  0.086284
  -61.435  -60.694  -31.873  -31.232  -31.136  -30.835  -30.577  -30.492   -6.793   -6.787
   -5.682   -5.673    4.324    4.356    5.881    5.885    7.674    8.191    8.264    8.447
    9.019    9.071    9.525    9.668   10.310   10.555   10.820   11.817   12.676   13.732
   15.732   15.926   16.763   16.955
            0.500000  0.500000  0.103541
  -61.435  -60.694  -31.873  -31.235  -31.136  -30.835  -30.579  -30.492   -6.783   -6.777
   -5.688   -5.680    4.342    4.375    5.866    5.876    7.684    8.222    8.295    8.457
    8.954    8.998    9.468    9.635   10.372   10.598   10.857   11.848   12.660   13.716
   15.745   15.939   16.731   16.924
            0.500000  0.500000  0.120798
  -61.435  -60.694  -31.873  -31.237  -31.135  -30.835  -30.582  -30.491   -6.771   -6.765
   -5.696   -5.688    4.364    4.397    5.849    5.868    7.696    8.257    8.330    8.468
    8.882    8.918    9.412    9.598   10.436   10.643   10.896   11.884   12.641   13.697
   15.760   15.955   16.694   16.889
            0.500000  0.500000  0.138055
  -61.435  -60.694  -31.873  -31.240  -31.134  -30.835  -30.585  -30.491   -6.758   -6.751
   -5.704   -5.697    4.389    4.422    5.829    5.859    7.710    8.295    8.369    8.481
    8.804    8.833    9.358    9.558   10.500   10.689   10.937   11.924   12.620   13.675
   15.776   15.972   16.652   16.850
            0.500000  0.500000  0.155311
  -61.435  -60.694  -31.872  -31.244  -31.134  -30.834  -30.589  -30.490   -6.743   -6.736
   -5.713   -5.706    4.417    4.451    5.809    5.850    7.726    8.334    8.411    8.496
    8.720    8.744    9.306    9.516   10.565   10.734   10.979   11.966   12.596   13.651
   15.794   15.990   16.606   16.808
            0.500000  0.500000  0.172568
  -61.434  -60.693  -31.872  -31.248  -31.133  -30.834  -30.593  -30.490   -6.726   -6.719
   -5.724   -5.717    4.448    4.482    5.787    5.841    7.743    8.373    8.454    8.512
    8.632    8.651    9.258    9.472   10.629   10.778   11.021   12.011   12.570   13.624
   15.813   16.009   16.557   16.762
            0.500000  0.500000  0.189825
  -61.434  -60.693  -31.872  -31.252  -31.132  -30.834  -30.598  -30.489   -6.708   -6.701
   -5.735   -5.729    4.481    4.517    5.765    5.832    7.762    8.411    8.499    8.530
    8.540    8.557    9.216    9.429   10.693   10.821   11.063   12.059   12.541   13.594
   15.832   16.029   16.505   16.714
            0.500000  0.500000  0.207082
  -61.434  -60.693  -31.871  -31.257  -31.131  -30.834  -30.602  -30.488   -6.688   -6.681
   -5.747   -5.741    4.518    4.554    5.742    5.823    7.782    8.445    8.446    8.461
    8.542    8.549    9.181    9.387   10.756   10.862   11.103   12.108   12.510   13.562
   15.852   16.050   16.451   16.664
            0.500000  0.500000  0.224339
  -61.434  -60.692  -31.871  -31.261  -31.130  -30.834  -30.607  -30.487   -6.667   -6.660
   -5.760   -5.754    4.557    4.595    5.719    5.815    7.804    8.348    8.364    8.473
    8.570    8.583    9.157    9.349   10.819   10.900   11.142   12.158   12.477   13.528
   15.871   16.071   16.395   16.613
            0.500000  0.500000  0.241596
  -61.433  -60.692  -31.871  -31.266  -31.129  -30.834  -30.613  -30.486   -6.645   -6.638
   -5.773   -5.768    4.598    4.638    5.696    5.808    7.828    8.250    8.267    8.491
    8.592    8.618    9.144    9.318   10.880   10.936   11.180   12.209   12.442   13.492
   15.891   16.092   16.337   16.560
            0.500000  0.500000  0.258852
  -61.433  -60.692  -31.870  -31.272  -31.128  -30.833  -30.618  -30.485   -6.623   -6.615
   -5.787   -5.782    4.642    4.683    5.674    5.802    7.853    8.151    8.170    8.499
    8.615    8.645    9.144    9.296   10.940   10.969   11.216   12.260   12.405   13.454
   15.910   16.113   16.278   16.507
            0.500000  0.500000  0.276109
  -61.433  -60.692  -31.870  -31.277  -31.127  -30.833  -30.624  -30.484   -6.599   -6.591
   -5.801   -5.797    4.688    4.731    5.652    5.797    7.879    8.052    8.073    8.496
    8.639    8.660    9.159    9.286   10.997   11.000   11.250   12.312   12.367   13.415
   15.928   16.133   16.219   16.454
            0.500000  0.500000  0.293366
  -61.432  -60.691  -31.870  -31.283  -31.126  -30.833  -30.630  -30.484   -6.574   -6.567
   -5.816   -5.812    4.736    4.780    5.631    5.793    7.907    7.953    7.976    8.482
    8.661    8.665    9.185    9.291   11.026   11.057   11.282   12.326   12.364   13.373
   15.946   16.152   16.160   16.401
            0.500000  0.500000  0.310623
  -61.432  -60.691  -31.869  -31.288  -31.125  -30.833  -30.636  -30.483   -6.549   -6.541
   -5.831   -5.828    4.786    4.832    5.610    5.791    7.856    7.881    7.935    8.460
    8.648    8.691    9.222    9.310   11.050   11.113   11.312   12.285   12.416   13.330
   15.962   16.100   16.171   16.349
            0.500000  0.500000  0.327880
  -61.432  -60.691  -31.869  -31.294  -31.124  -30.832  -30.642  -30.481   -6.523   -6.515
   -5.846   -5.844    4.837    4.886    5.590    5.789    7.759    7.786    7.965    8.432
    8.622    8.719    9.266    9.342   11.072   11.168   11.339   12.242   12.467   13.287
   15.977   16.042   16.188   16.298
            0.500000  0.500000  0.345137
  -61.431  -60.690  -31.868  -31.300  -31.123  -30.832  -30.648  -30.480   -6.497   -6.489
   -5.862   -5.860    4.890    4.941    5.571    5.789    7.664    7.693    7.996    8.400
    8.587    8.747    9.316    9.384   11.090   11.221   11.365   12.198   12.517   13.242
   15.984   15.991   16.204   16.248
            0.500000  0.500000  0.362393
  -61.431  -60.690  -31.868  -31.306  -31.121  -30.832  -30.654  -30.479   -6.470   -6.462
   -5.878   -5.875    4.944    4.997    5.553    5.790    7.571    7.602    8.028    8.366
    8.545    8.776    9.368    9.433   11.106   11.272   11.388   12.153   12.566   13.196
   15.928   16.002   16.200   16.218
            0.500000  0.500000  0.379650
  -61.431  -60.689  -31.867  -31.312  -31.120  -30.832  -30.660  -30.478   -6.444   -6.436
   -5.893   -5.891    4.998    5.054    5.535    5.793    7.480    7.512    8.060    8.330
    8.499    8.805    9.422    9.486   11.119   11.322   11.409   12.108   12.615   13.149
   15.873   16.013   16.154   16.231
            0.500000  0.500000  0.396907
  -61.430  -60.689  -31.867  -31.318  -31.119  -30.832  -30.666  -30.477   -6.417   -6.409
   -5.909   -5.907    5.054    5.112    5.519    5.796    7.392    7.426    8.093    8.295
    8.449    8.835    9.477    9.542   11.129   11.370   11.428   12.063   12.662   13.103
   15.820   16.021   16.110   16.243
            0.500000  0.500000  0.414164
  -61.430  -60.689  -31.867  -31.324  -31.118  -30.831  -30.672  -30.476   -6.391   -6.383
   -5.924   -5.922    5.109    5.170    5.504    5.801    7.306    7.341    8.126    8.259
    8.398    8.864    9.532    9.599   11.136   11.416   11.444   12.017   12.707   13.056
   15.770   16.028   16.068   16.253
            0.500000  0.500000  0.431421
  -61.430  -60.688  -31.866  -31.329  -31.117  -30.831  -30.678  -30.475   -6.365   -6.357
   -5.940   -5.937    5.165    5.228    5.489    5.807    7.223    7.260    8.159    8.224
    8.346    8.894    9.586    9.657   11.142   11.459   11.461   11.972   12.751   13.009
   15.721   16.028   16.033   16.262
            0.500000  0.500000  0.448678
  -61.429  -60.688  -31.866  -31.335  -31.115  -30.831  -30.684  -30.474   -6.340   -6.331
   -5.954   -5.951    5.220    5.286    5.476    5.814    7.143    7.182    8.190    8.194
    8.295    8.924    9.638    9.714   11.145   11.472   11.503   11.927   12.794   12.963
   15.675   15.992   16.037   16.269
            0.500000  0.500000  0.465934
  -61.429  -60.688  -31.865  -31.340  -31.114  -30.831  -30.690  -30.473   -6.315   -6.306
   -5.969   -5.965    5.274    5.343    5.464    5.822    7.067    7.107    8.159    8.226
    8.244    8.953    9.688    9.770   11.146   11.482   11.543   11.882   12.834   12.917
   15.632   15.957   16.040   16.275
            0.500000  0.500000  0.483191
  -61.429  -60.687  -31.865  -31.345  -31.113  -30.831  -30.695  -30.472   -6.291   -6.282
   -5.983   -5.979    5.328    5.399    5.452    5.831    6.995    7.036    8.128    8.194
    8.259    8.982    9.736    9.824   11.145   11.492   11.582   11.839   12.871   12.875
   15.591   15.926   16.041   16.280
            0.500000  0.500000  0.500448
  -61.429  -60.687  -31.865  -31.350  -31.112  -30.830  -30.700  -30.472   -6.268   -6.259
   -5.996   -5.992    5.381    5.441    5.455    5.840    6.926    6.969    8.099    8.146
    8.292    9.010    9.781    9.875   11.142   11.499   11.618   11.797   12.829   12.909
   15.553   15.897   16.041   16.283
            0.500000  0.500000  0.517705
  -61.428  -60.687  -31.864  -31.355  -31.111  -30.830  -30.705  -30.471   -6.246   -6.237
   -6.009   -6.004    5.431    5.432    5.507    5.850    6.861    6.906    8.072    8.099
    8.323    9.037    9.823    9.925   11.138   11.505   11.652   11.756   12.787   12.943
   15.518   15.870   16.040   16.286
            0.500000  0.500000  0.534962
  -61.428  -60.687  -31.864  -31.359  -31.110  -30.830  -30.710  -30.470   -6.226   -6.216
   -6.021   -6.016    5.423    5.480    5.558    5.860    6.800    6.847    8.047    8.055
    8.354    9.063    9.863    9.971   11.133   11.510   11.684   11.717   12.747   12.975
   15.486   15.846   16.038   16.287
            0.500000  0.500000  0.552219
  -61.428  -60.686  -31.864  -31.363  -31.110  -30.830  -30.714  -30.469   -6.206   -6.196
   -6.032   -6.026    5.415    5.527    5.606    5.870    6.743    6.793    8.014    8.024
    8.383    9.088    9.899   10.014   11.127   11.513   11.680   11.714   12.709   13.005
   15.457   15.825   16.036   16.288
            0.500000  0.500000  0.569475
  -61.428  -60.686  -31.863  -31.367  -31.109  -30.830  -30.718  -30.468   -6.188   -6.178
   -6.042   -6.036    5.408    5.571    5.652    5.880    6.691    6.743    7.975    8.003
    8.411    9.111    9.931   10.053   11.121   11.516   11.646   11.741   12.674   13.031
   15.430   15.806   16.033   16.289
            0.500000  0.500000  0.586732
  -61.427  -60.686  -31.863  -31.371  -31.108  -30.830  -30.722  -30.468   -6.172   -6.162
   -6.051   -6.045    5.402    5.612    5.694    5.890    6.644    6.698    7.939    7.984
    8.436    9.132    9.961   10.089   11.114   11.517   11.614   11.765   12.641   13.056
   15.407   15.789   16.030   16.289
            0.500000  0.500000  0.603989
  -61.427  -60.686  -31.863  -31.374  -31.107  -30.829  -30.725  -30.467   -6.157   -6.147
   -6.059   -6.053    5.396    5.650    5.732    5.899    6.601    6.658    7.907    7.968
    8.460    9.151    9.986   10.121   11.107   11.518   11.586   11.787   12.611   13.077
   15.387   15.775   16.027   16.288
            0.500000  0.500000  0.621246
  -61.427  -60.686  -31.863  -31.376  -31.107  -30.829  -30.728  -30.467   -6.144   -6.134
   -6.067   -6.060    5.392    5.684    5.766    5.908    6.563    6.622    7.879    7.953
    8.481    9.168   10.009   10.149   11.101   11.518   11.560   11.807   12.585   13.096
   15.369   15.763   16.023   16.288
            0.500000  0.500000  0.638503
  -61.427  -60.686  -31.862  -31.379  -31.106  -30.829  -30.730  -30.466   -6.133   -6.123
   -6.073   -6.066    5.388    5.713    5.795    5.916    6.530    6.592    7.854    7.941
    8.499    9.183   10.028   10.173   11.095   11.518   11.538   11.823   12.562   13.112
   15.354   15.753   16.021   16.287
            0.500000  0.500000  0.655760
  -61.427  -60.685  -31.862  -31.381  -31.106  -30.829  -30.732  -30.466   -6.124   -6.114
   -6.078   -6.071    5.385    5.738    5.820    5.922    6.502    6.568    7.834    7.931
    8.515    9.195   10.043   10.193   11.089   11.518   11.520   11.837   12.543   13.125
   15.342   15.744   16.018   16.286
            0.500000  0.500000  0.673016
  -61.427  -60.685  -31.862  -31.382  -31.106  -30.829  -30.734  -30.466   -6.117   -6.106
   -6.082   -6.075    5.382    5.758    5.839    5.928    6.481    6.548    7.817    7.923
    8.527    9.205   10.055   10.208   11.085   11.505   11.518   11.847   12.528   13.136
   15.333   15.738   16.016   16.286
            0.500000  0.500000  0.690273
  -61.427  -60.685  -31.862  -31.383  -31.105  -30.829  -30.735  -30.466   -6.112   -6.101
   -6.085   -6.078    5.380    5.773    5.853    5.931    6.465    6.535    7.806    7.917
    8.536    9.212   10.064   10.219   11.082   11.495   11.518   11.855   12.517   13.143
   15.326   15.734   16.014   16.285
            0.500000  0.500000  0.707530
  -61.427  -60.685  -31.862  -31.384  -31.105  -30.829  -30.736  -30.465   -6.109   -6.098
   -6.086   -6.079    5.379    5.782    5.862    5.934    6.455    6.526    7.799    7.914
    8.541    9.216   10.069   10.226   11.080   11.489   11.518   11.859   12.511   13.147
   15.322   15.731   16.013   16.285
            0.500000  0.500000  0.724787
  -61.427  -60.685  -31.862  -31.384  -31.105  -30.829  -30.736  -30.465   -6.108   -6.097
   -6.087   -6.080    5.379    5.785    5.865    5.935    6.452    6.523    7.796    7.913
    8.543    9.217   10.071   10.228   11.079   11.487   11.517   11.861   12.508   13.149
   15.321   15.730   16.013   16.285
            0.488095  0.488095  0.724787
  -61.427  -60.685  -31.862  -31.384  -31.105  -30.829  -30.736  -30.465   -6.119   -6.097
   -6.087   -6.068    5.375    5.786    5.866    5.935    6.451    6.529    7.796    7.913
    8.544    9.215   10.068   10.228   11.079   11.480   11.517   11.861   12.509   13.154
   15.321   15.695   16.048   16.285
            0.476190  0.476190  0.724787
  -61.427  -60.685  -31.862  -31.384  -31.105  -30.829  -30.736  -30.465   -6.138   -6.098
   -6.086   -6.049    5.363    5.789    5.870    5.936    6.447    6.547    7.796    7.915
    8.548    9.210   10.059   10.228   11.079   11.461   11.517   11.861   12.511   13.169
   15.321   15.618   16.126   16.286
            0.464286  0.464286  0.724787
  -61.427  -60.685  -31.862  -31.384  -31.105  -30.829  -30.736  -30.465   -6.158   -6.099
   -6.086   -6.029    5.344    5.794    5.875    5.937    6.440    6.576    7.796    7.916
    8.555    9.201   10.044   10.228   11.079   11.431   11.516   11.861   12.514   13.194
   15.322   15.528   16.218   16.287
            0.452381  0.452381  0.724787
  -61.427  -60.685  -31.862  -31.384  -31.105  -30.829  -30.736  -30.465   -6.179   -6.100
   -6.085   -6.009    5.320    5.802    5.882    5.939    6.431    6.616    7.795    7.919
    8.563    9.189   10.023   10.227   11.078   11.391   11.515   11.861   12.519   13.226
   15.322   15.433   16.289   16.315
            0.440476  0.440476  0.724787
  -61.427  -60.685  -31.862  -31.384  -31.105  -30.829  -30.736  -30.465   -6.198   -6.101
   -6.084   -5.989    5.293    5.811    5.888    5.941    6.420    6.665    7.795    7.922
    8.574    9.173    9.996   10.226   11.078   11.342   11.513   11.862   12.524   13.265
   15.323   15.339   16.291   16.412
            0.428571  0.428571  0.724787
  -61.427  -60.685  -31.862  -31.384  -31.105  -30.829  -30.736  -30.465   -6.218   -6.103
   -6.082   -5.969    5.264    5.821    5.894    5.944    6.406    6.723    7.794    7.926
    8.587    9.154    9.963   10.223   11.077   11.288   11.512   11.864   12.531   13.309
   15.246   15.323   16.293   16.507
            0.416667  0.416667  0.724787
  -61.427  -60.685  -31.862  -31.384  -31.105  -30.829  -30.736  -30.465   -6.236   -6.105
   -6.080   -5.950    5.234    5.834    5.899    5.948    6.391    6.789    7.793    7.930
    8.602    9.132    9.924   10.218   11.077   11.230   11.509   11.866   12.539   13.356
   15.155   15.324   16.295   16.600
            0.404762  0.404762  0.724787
  -61.427  -60.685  -31.862  -31.384  -31.105  -30.829  -30.736  -30.465   -6.254   -6.108
   -6.078   -5.932    5.205    5.847    5.904    5.953    6.375    6.861    7.792    7.934
    8.619    9.107    9.879   10.211   11.076   11.171   11.507   11.871   12.548   13.405
   15.068   15.325   16.296   16.690
            0.392857  0.392857  0.724787
  -61.427  -60.685  -31.862  -31.384  -31.105  -30.829  -30.736  -30.465   -6.271   -6.110
   -6.076   -5.915    5.176    5.861    5.908    5.958    6.358    6.939    7.791    7.939
    8.637    9.080    9.827   10.200   11.075   11.113   11.504   11.876   12.559   13.456
   14.985   15.326   16.298   16.775
            0.380952  0.380952  0.724787
  -61.427  -60.685  -31.862  -31.384  -31.105  -30.829  -30.736  -30.465   -6.287   -6.113
   -6.074   -5.899    5.149    5.876    5.911    5.964    6.340    7.021    7.790    7.944
    8.656    9.050    9.770   10.184   11.057   11.075   11.502   11.884   12.570   13.506
   14.906   15.327   16.298   16.855
            0.369048  0.369048  0.724787
  -61.427  -60.685  -31.862  -31.384  -31.105  -30.829  -30.735  -30.465   -6.302   -6.116
   -6.071   -5.883    5.124    5.890    5.913    5.972    6.323    7.108    7.789    7.948
    8.675    9.017    9.706   10.161   11.008   11.073   11.499   11.893   12.582   13.556
   14.832   15.328   16.298   16.930
            0.357143  0.357143  0.724787
  -61.427  -60.685  -31.862  -31.384  -31.105  -30.829  -30.735  -30.465   -6.316   -6.120
   -6.068   -5.869    5.102    5.903    5.915    5.981    6.308    7.198    7.787    7.953
    8.695    8.983    9.637   10.131   10.967   11.072   11.496   11.905   12.595   13.604
   14.763   15.329   16.297   16.998
            0.345238  0.345238  0.724787
  -61.427  -60.685  -31.862  -31.384  -31.105  -30.829  -30.735  -30.465   -6.329   -6.123
   -6.065   -5.856    5.082    5.914    5.916    5.990    6.295    7.291    7.786    7.957
    8.714    8.946    9.562   10.093   10.935   11.071   11.493   11.918   12.609   13.650
   14.700   15.330   16.294   17.059
            0.333333  0.333333  0.724787
  -61.427  -60.685  -31.862  -31.384  -31.105  -30.829  -30.735  -30.465   -6.341   -6.127
   -6.062   -5.845    5.066    5.918    5.921    6.002    6.287    7.386    7.784    7.960
    8.732    8.909    9.482   10.046   10.914   11.069   11.491   11.934   12.624   13.694
   14.643   15.331   16.290   17.113
            0.321429  0.321429  0.724787
  -61.427  -60.685  -31.862  -31.384  -31.105  -30.829  -30.735  -30.465   -6.351   -6.131
   -6.059   -5.834    5.052    5.919    5.923    6.014    6.284    7.483    7.783    7.963
    8.748    8.869    9.398    9.993   10.903   11.068   11.489   11.952   12.639   13.735
   14.591   15.332   16.285   17.160
            0.309524  0.309524  0.724787
  -61.427  -60.685  -31.862  -31.384  -31.105  -30.829  -30.735  -30.465   -6.360   -6.135
   -6.055   -5.826    5.042    5.919    5.920    6.028    6.287    7.581    7.781    7.966
    8.762    8.829    9.309    9.933   10.902   11.066   11.487   11.971   12.655   13.772
   14.546   15.334   16.278   17.198
            0.297619  0.297619  0.724787
  -61.427  -60.685  -31.862  -31.384  -31.105  -30.829  -30.735  -30.465   -6.368   -6.140
   -6.052   -5.818    5.036    5.911    5.920    6.044    6.296    7.679    7.780    7.968
    8.773    8.788    9.215    9.871   10.910   11.065   11.485   11.992   12.672   13.807
   14.508   15.335   16.270   17.228
            0.285714  0.285714  0.724787
  -61.427  -60.685  -31.862  -31.384  -31.105  -30.829  -30.735  -30.465   -6.374   -6.144
   -6.048   -5.812    5.033    5.896    5.921    6.061    6.312    7.777    7.780    7.969
    8.746    8.779    9.119    9.806   10.926   11.063   11.484   12.015   12.688   13.837
   14.476   15.336   16.259   17.249
            0.273810  0.273810  0.724787
  -61.427  -60.685  -31.862  -31.384  -31.105  -30.829  -30.735  -30.465   -6.379   -6.149
   -6.045   -5.808    5.033    5.877    5.921    6.080    6.332    7.777    7.877    7.970
    8.704    8.779    9.019    9.743   10.948   11.062   11.483   12.040   12.706   13.864
   14.451   15.337   16.247   17.261
            0.261905  0.261905  0.724787
  -61.427  -60.685  -31.862  -31.384  -31.105  -30.829  -30.735  -30.465   -6.383   -6.153
   -6.041   -5.805    5.037    5.854    5.922    6.101    6.357    7.775    7.969    7.975
    8.661    8.772    8.917    9.683   10.976   11.060   11.482   12.066   12.723   13.887
   14.433   15.338   16.233   17.264
            0.250000  0.250000  0.724787
  -61.427  -60.685  -31.862  -31.384  -31.105  -30.829  -30.735  -30.465   -6.385   -6.158
   -6.037   -5.803    5.045    5.829    5.923    6.124    6.385    7.774    7.968    8.072
    8.619    8.756    8.813    9.629   11.009   11.058   11.481   12.094   12.740   13.906
   14.422   15.339   16.218   17.259
            0.238095  0.238095  0.724787
  -61.427  -60.685  -31.862  -31.384  -31.105  -30.829  -30.735  -30.465   -6.386   -6.162
   -6.033   -5.804    5.056    5.803    5.924    6.149    6.415    7.772    7.967    8.166
    8.577    8.709    8.731    9.582   11.045   11.058   11.481   12.123   12.758   13.921
   14.419   15.340   16.201   17.244
            0.226190  0.226190  0.724787
  -61.427  -60.685  -31.862  -31.384  -31.105  -30.829  -30.735  -30.465   -6.385   -6.167
   -6.029   -5.805    5.070    5.775    5.925    6.175    6.446    7.771    7.964    8.253
    8.536    8.608    8.695    9.543   11.053   11.088   11.480   12.153   12.775   13.932
   14.422   15.341   16.182   17.221
            0.214286  0.214286  0.724787
  -61.427  -60.685  -31.862  -31.384  -31.105  -30.829  -30.735  -30.465   -6.383   -6.171
   -6.026   -5.808    5.088    5.747    5.927    6.204    6.479    7.770    7.961    8.320
    8.495    8.525    8.649    9.513   11.052   11.132   11.480   12.184   12.793   13.940
   14.432   15.342   16.161   17.189
            0.202381  0.202381  0.724787
  -61.427  -60.685  -31.862  -31.384  -31.105  -30.829  -30.735  -30.465   -6.379   -6.176
   -6.022   -5.813    5.109    5.719    5.929    6.234    6.512    7.769    7.957    8.311
    8.456    8.514    8.594    9.490   11.050   11.179   11.479   12.216   12.810   13.943
   14.450   15.343   16.139   17.148
            0.190476  0.190476  0.724787
  -61.427  -60.685  -31.862  -31.384  -31.105  -30.828  -30.735  -30.465   -6.374   -6.180
   -6.018   -5.819    5.133    5.691    5.932    6.267    6.546    7.767    7.953    8.226
    8.417    8.532    8.576    9.475   11.048   11.228   11.479   12.249   12.826   13.943
   14.474   15.344   16.116   17.100
            0.178571  0.178571  0.724787
  -61.427  -60.685  -31.862  -31.384  -31.105  -30.828  -30.735  -30.465   -6.368   -6.184
   -6.015   -5.826    5.160    5.664    5.936    6.301    6.579    7.767    7.948    8.123
    8.380    8.463    8.654    9.466   11.046   11.278   11.478   12.282   12.843   13.940
   14.506   15.345   16.093   17.044
            0.166667  0.166667  0.724787
  -61.427  -60.685  -31.862  -31.384  -31.105  -30.828  -30.735  -30.465   -6.361   -6.188
   -6.011   -5.835    5.189    5.637    5.940    6.338    6.612    7.766    7.943    8.016
    8.345    8.389    8.733    9.460   11.044   11.330   11.477   12.315   12.858   13.934
   14.544   15.346   16.068   16.982
            0.154762  0.154762  0.724787
  -61.427  -60.685  -31.862  -31.384  -31.105  -30.828  -30.736  -30.465   -6.352   -6.192
   -6.008   -5.845    5.221    5.612    5.946    6.376    6.644    7.765    7.908    7.937
    8.311    8.312    8.809    9.458   11.043   11.382   11.476   12.348   12.873   13.925
   14.588   15.347   16.043   16.912
            0.142857  0.142857  0.724787
  -61.427  -60.685  -31.862  -31.384  -31.105  -30.828  -30.736  -30.465   -6.343   -6.196
   -6.005   -5.855    5.254    5.588    5.953    6.416    6.675    7.764    7.801    7.931
    8.234    8.279    8.883    9.459   11.041   11.434   11.475   12.381   12.888   13.913
   14.639   15.347   16.018   16.836
            0.130952  0.130952  0.724787
  -61.427  -60.685  -31.862  -31.384  -31.105  -30.828  -30.736  -30.465   -6.333   -6.200
   -6.002   -5.867    5.289    5.565    5.961    6.458    6.705    7.695    7.764    7.925
    8.154    8.248    8.952    9.460   11.039   11.474   11.486   12.413   12.901   13.899
   14.696   15.348   15.993   16.755
            0.119048  0.119048  0.724787
  -61.427  -60.685  -31.862  -31.384  -31.105  -30.828  -30.736  -30.465   -6.322   -6.203
   -5.999   -5.879    5.324    5.544    5.971    6.501    6.733    7.591    7.763    7.918
    8.074    8.220    9.017    9.463   11.038   11.472   11.537   12.444   12.914   13.884
   14.759   15.348   15.968   16.669
            0.107143  0.107143  0.724787
  -61.427  -60.685  -31.862  -31.384  -31.105  -30.828  -30.736  -30.465   -6.310   -6.206
   -5.997   -5.892    5.359    5.524    5.984    6.546    6.759    7.490    7.763    7.912
    7.996    8.194    9.077    9.467   11.036   11.471   11.585   12.473   12.925   13.867
   14.828   15.349   15.944   16.579
            0.095238  0.095238  0.724787
  -61.427  -60.685  -31.862  -31.384  -31.105  -30.828  -30.736  -30.465   -6.298   -6.209
   -5.995   -5.905    5.393    5.507    5.998    6.592    6.783    7.393    7.763    7.906
    7.918    8.171    9.132    9.470   11.035   11.469   11.632   12.501   12.936   13.850
   14.901   15.349   15.922   16.485
            0.083333  0.083333  0.724787
  -61.427  -60.685  -31.862  -31.384  -31.105  -30.828  -30.736  -30.465   -6.286   -6.211
   -5.993   -5.918    5.425    5.491    6.016    6.638    6.805    7.300    7.763    7.844
    7.900    8.150    9.181    9.474   11.033   11.467   11.675   12.527   12.946   13.833
   14.980   15.350   15.900   16.388
            0.071429  0.071429  0.724787
  -61.427  -60.685  -31.861  -31.384  -31.105  -30.828  -30.736  -30.465   -6.274   -6.213
   -5.991   -5.931    5.455    5.477    6.036    6.684    6.825    7.213    7.763    7.773
    7.895    8.131    9.224    9.477   11.032   11.466   11.714   12.550   12.954   13.816
   15.062   15.350   15.881   16.288
            0.059524  0.059524  0.724787
  -61.427  -60.685  -31.861  -31.384  -31.105  -30.828  -30.736  -30.465   -6.262   -6.215
   -5.989   -5.944    5.465    5.481    6.058    6.729    6.842    7.133    7.706    7.763
    7.890    8.115    9.260    9.480   11.031   11.464   11.749   12.570   12.961   13.801
   15.149   15.350   15.864   16.187
            0.047619  0.047619  0.724787
  -61.427  -60.685  -31.861  -31.384  -31.105  -30.828  -30.736  -30.465   -6.251   -6.217
   -5.988   -5.955    5.455    5.503    6.081    6.771    6.856    7.061    7.646    7.763
    7.886    8.102    9.291    9.483   11.030   11.463   11.778   12.587   12.967   13.787
   15.238   15.351   15.850   16.086
            0.035714  0.035714  0.724787
  -61.427  -60.685  -31.861  -31.384  -31.104  -30.828  -30.736  -30.465   -6.242   -6.218
   -5.987   -5.965    5.448    5.521    6.103    6.809    6.867    7.001    7.594    7.763
    7.882    8.092    9.315    9.485   11.030   11.462   11.802   12.601   12.972   13.776
   15.328   15.351   15.839   15.986
            0.023810  0.023810  0.724787
  -61.427  -60.685  -31.861  -31.384  -31.104  -30.828  -30.736  -30.465   -6.235   -6.219
   -5.986   -5.972    5.442    5.534    6.122    6.839    6.875    6.955    7.554    7.764
    7.880    8.085    9.332    9.487   11.029   11.461   11.819   12.611   12.975   13.768
   15.351   15.418   15.830   15.889
            0.011905  0.011905  0.724787
  -61.427  -60.685  -31.861  -31.384  -31.104  -30.828  -30.736  -30.465   -6.231   -6.219
   -5.986   -5.977    5.439    5.541    6.135    6.859    6.880    6.925    7.528    7.764
    7.878    8.080    9.342    9.488   11.029   11.460   11.830   12.617   12.977   13.762
   15.351   15.498   15.805   15.825
            0.000000  0.000000  0.724787
  -61.427  -60.685  -31.861  -31.384  -31.104  -30.828  -30.736  -30.465   -6.229   -6.219
   -5.986   -5.979    5.438    5.544    6.140    6.866    6.882    6.915    7.518    7.764
    7.878    8.079    9.346    9.488   11.029   11.460   11.833   12.619   12.978   13.761
   15.351   15.537   15.765   15.824
