 &plot nbnd=  34, nks=   271 /
            0.000000  0.000000  0.000000
  -61.432  -60.699  -31.868  -31.223  -31.133  -30.842  -30.576  -30.497   -7.423   -6.396
   -5.529   -5.524    4.281    4.286    5.474    5.993    6.009    8.454    8.459    8.513
    9.903   10.055   10.328   10.372   10.392   10.746   10.897   11.119   11.701   13.897
   14.225   16.844   17.050   18.255
            0.016667  0.000000  0.000000
  -61.432  -60.699  -31.868  -31.223  -31.133  -30.842  -30.576  -30.497   -7.422   -6.396
   -5.530   -5.524    4.283    4.288    5.475    5.993    6.010    8.450    8.457    8.509
    9.883   10.074   10.311   10.351   10.413   10.757   10.896   11.125   11.704   13.901
   14.223   16.843   17.049   18.253
            0.033333  0.000000  0.000000
  -61.432  -60.699  -31.868  -31.223  -31.133  -30.842  -30.576  -30.497   -7.419   -6.395
   -5.533   -5.527    4.289    4.295    5.481    5.994    6.011    8.438    8.452    8.498
    9.840   10.117   10.264   10.326   10.439   10.786   10.894   11.143   11.714   13.914
   14.218   16.839   17.046   18.248
            0.050000  0.000000  0.000000
  -61.432  -60.699  -31.868  -31.223  -31.133  -30.842  -30.576  -30.497   -7.414   -6.394
   -5.539   -5.530    4.299    4.305    5.490    5.995    6.014    8.417    8.443    8.482
    9.787   10.167   10.200   10.295   10.467   10.826   10.891   11.170   11.730   13.934
   14.210   16.832   17.040   18.237
            0.066667  0.000000  0.000000
  -61.432  -60.699  -31.868  -31.223  -31.132  -30.842  -30.576  -30.497   -7.407   -6.392
   -5.548   -5.534    4.313    4.321    5.503    5.997    6.017    8.388    8.431    8.459
    9.732   10.127   10.220   10.259   10.497   10.858   10.901   11.204   11.752   13.962
   14.198   16.822   17.032   18.223
            0.083333  0.000000  0.000000
  -61.432  -60.699  -31.868  -31.223  -31.132  -30.842  -30.576  -30.497   -7.398   -6.390
   -5.559   -5.540    4.330    4.341    5.519    5.999    6.022    8.350    8.416    8.432
    9.674   10.045   10.219   10.275   10.531   10.859   10.944   11.242   11.779   13.997
   14.184   16.810   17.023   18.203
            0.100000  0.000000  0.000000
  -61.432  -60.699  -31.868  -31.223  -31.132  -30.842  -30.576  -30.497   -7.387   -6.388
   -5.572   -5.546    4.351    4.365    5.539    6.002    6.027    8.304    8.399    8.399
    9.615    9.958   10.177   10.330   10.569   10.850   10.997   11.283   11.811   14.038
   14.170   16.795   17.011   18.179
            0.116667  0.000000  0.000000
  -61.432  -60.699  -31.868  -31.223  -31.132  -30.842  -30.576  -30.497   -7.375   -6.385
   -5.588   -5.553    4.375    4.394    5.563    6.004    6.034    8.252    8.362    8.379
    9.555    9.866   10.135   10.386   10.609   10.836   11.053   11.324   11.847   14.078
   14.160   16.777   16.998   18.151
            0.133333  0.000000  0.000000
  -61.432  -60.699  -31.868  -31.223  -31.132  -30.842  -30.576  -30.497   -7.360   -6.382
   -5.606   -5.561    4.402    4.427    5.590    6.008    6.041    8.194    8.319    8.358
    9.495    9.770   10.095   10.442   10.652   10.820   11.111   11.365   11.887   14.090
   14.182   16.758   16.983   18.118
            0.150000  0.000000  0.000000
  -61.432  -60.699  -31.868  -31.223  -31.132  -30.843  -30.576  -30.497   -7.343   -6.379
   -5.626   -5.571    4.433    4.463    5.621    6.011    6.049    8.132    8.270    8.335
    9.435    9.670   10.057   10.498   10.696   10.802   11.168   11.404   11.931   14.073
   14.238   16.736   16.966   18.080
            0.166667  0.000000  0.000000
  -61.432  -60.699  -31.868  -31.223  -31.132  -30.843  -30.576  -30.497   -7.325   -6.376
   -5.647   -5.581    4.467    4.503    5.656    6.015    6.058    8.066    8.217    8.311
    9.375    9.566   10.023   10.554   10.737   10.786   11.227   11.442   11.977   14.046
   14.307   16.712   16.948   18.038
            0.183333  0.000000  0.000000
  -61.432  -60.699  -31.868  -31.222  -31.132  -30.843  -30.576  -30.497   -7.305   -6.373
   -5.670   -5.592    4.504    4.547    5.695    6.020    6.067    7.997    8.158    8.286
    9.315    9.460    9.993   10.610   10.748   10.800   11.285   11.477   12.024   14.015
   14.383   16.687   16.929   17.992
            0.200000  0.000000  0.000000
  -61.432  -60.699  -31.868  -31.222  -31.131  -30.843  -30.576  -30.497   -7.283   -6.370
   -5.693   -5.603    4.544    4.593    5.737    6.024    6.077    7.926    8.095    8.261
    9.256    9.350    9.967   10.666   10.727   10.842   11.344   11.509   12.073   13.980
   14.467   16.660   16.909   17.941
            0.216667  0.000000  0.000000
  -61.432  -60.699  -31.868  -31.222  -31.131  -30.843  -30.576  -30.497   -7.260   -6.368
   -5.718   -5.616    4.586    4.642    5.783    6.029    6.087    7.852    8.028    8.235
    9.197    9.238    9.945   10.702   10.720   10.886   11.403   11.539   12.123   13.943
   14.555   16.632   16.888   17.886
            0.233333  0.000000  0.000000
  -61.432  -60.699  -31.868  -31.222  -31.131  -30.844  -30.576  -30.497   -7.235   -6.367
   -5.743   -5.629    4.631    4.693    5.833    6.034    6.098    7.778    7.958    8.210
    9.124    9.140    9.929   10.674   10.774   10.931   11.462   11.566   12.174   13.905
   14.648   16.602   16.866   17.828
            0.250000  0.000000  0.000000
  -61.432  -60.699  -31.868  -31.222  -31.131  -30.844  -30.576  -30.498   -7.208   -6.367
   -5.767   -5.643    4.679    4.746    5.887    6.039    6.109    7.703    7.884    8.186
    9.009    9.084    9.916   10.644   10.827   10.974   11.520   11.590   12.224   13.865
   14.745   16.573   16.844   17.765
            0.266667  0.000000  0.000000
  -61.432  -60.699  -31.868  -31.222  -31.131  -30.844  -30.576  -30.498   -7.180   -6.368
   -5.792   -5.657    4.728    4.801    5.944    6.044    6.121    7.628    7.809    8.162
    8.892    9.029    9.908   10.613   10.878   11.016   11.578   11.612   12.273   13.823
   14.845   16.542   16.822   17.698
            0.283333  0.000000  0.000000
  -61.432  -60.699  -31.868  -31.222  -31.131  -30.844  -30.576  -30.498   -7.150   -6.371
   -5.815   -5.672    4.779    4.857    6.006    6.049    6.132    7.552    7.733    8.140
    8.773    8.977    9.905   10.581   10.928   11.057   11.625   11.642   12.321   13.781
   14.949   16.512   16.800   17.628
            0.300000  0.000000  0.000000
  -61.432  -60.699  -31.868  -31.222  -31.130  -30.845  -30.576  -30.498   -7.119   -6.376
   -5.836   -5.687    4.831    4.913    6.054    6.071    6.143    7.478    7.656    8.119
    8.654    8.926    9.905   10.547   10.975   11.095   11.644   11.696   12.368   13.738
   15.055   16.483   16.778   17.554
            0.316667  0.000000  0.000000
  -61.432  -60.699  -31.868  -31.222  -31.130  -30.845  -30.576  -30.498   -7.086   -6.385
   -5.855   -5.703    4.884    4.969    6.059    6.139    6.154    7.404    7.580    8.099
    8.534    8.878    9.908   10.513   11.021   11.132   11.658   11.752   12.413   13.695
   15.163   16.454   16.757   17.476
            0.333333  0.000000  0.000000
  -61.432  -60.699  -31.868  -31.222  -31.130  -30.845  -30.576  -30.498   -7.053   -6.396
   -5.872   -5.719    4.938    5.025    6.064    6.164    6.211    7.332    7.505    8.081
    8.415    8.833    9.915   10.478   11.063   11.167   11.669   11.806   12.455   13.652
   15.273   16.426   16.737   17.395
            0.350000  0.000000  0.000000
  -61.432  -60.699  -31.868  -31.222  -31.130  -30.845  -30.576  -30.498   -7.018   -6.411
   -5.885   -5.735    4.990    5.080    6.069    6.174    6.287    7.262    7.433    8.064
    8.295    8.790    9.926   10.442   11.103   11.199   11.678   11.858   12.494   13.610
   15.384   16.399   16.717   17.311
            0.366667  0.000000  0.000000
  -61.432  -60.699  -31.868  -31.222  -31.130  -30.845  -30.576  -30.498   -6.982   -6.429
   -5.895   -5.751    5.042    5.133    6.073    6.184    6.365    7.195    7.365    8.050
    8.177    8.751    9.939   10.406   11.139   11.230   11.685   11.908   12.531   13.570
   15.496   16.374   16.699   17.224
            0.383333  0.000000  0.000000
  -61.432  -60.699  -31.868  -31.222  -31.130  -30.845  -30.576  -30.498   -6.946   -6.451
   -5.902   -5.767    5.091    5.184    6.077    6.192    6.445    7.132    7.301    8.037
    8.059    8.716    9.955   10.371   11.172   11.257   11.690   11.955   12.564   13.532
   15.608   16.352   16.682   17.134
            0.400000  0.000000  0.000000
  -61.432  -60.699  -31.868  -31.222  -31.130  -30.846  -30.576  -30.498   -6.909   -6.477
   -5.905   -5.783    5.137    5.232    6.081    6.200    6.527    7.074    7.243    7.944
    8.026    8.684    9.974   10.335   11.201   11.282   11.693   11.997   12.593   13.496
   15.720   16.331   16.667   17.042
            0.416667  0.000000  0.000000
  -61.432  -60.699  -31.868  -31.222  -31.130  -30.846  -30.576  -30.498   -6.871   -6.505
   -5.905   -5.799    5.179    5.275    6.084    6.207    6.608    7.024    7.192    7.831
    8.017    8.657    9.995   10.299   11.226   11.304   11.695   12.035   12.618   13.464
   15.831   16.314   16.654   16.948
            0.433333  0.000000  0.000000
  -61.432  -60.699  -31.868  -31.222  -31.129  -30.846  -30.576  -30.498   -6.832   -6.536
   -5.902   -5.814    5.215    5.313    6.087    6.212    6.684    6.986    7.148    7.723
    8.009    8.634   10.018   10.264   11.247   11.322   11.697   12.068   12.639   13.436
   15.940   16.299   16.643   16.852
            0.450000  0.000000  0.000000
  -61.432  -60.699  -31.868  -31.222  -31.129  -30.846  -30.576  -30.498   -6.794   -6.569
   -5.897   -5.829    5.245    5.344    6.089    6.217    6.748    6.967    7.112    7.622
    8.003    8.616   10.044   10.229   11.263   11.337   11.697   12.094   12.656   13.413
   16.046   16.287   16.635   16.757
            0.466667  0.000000  0.000000
  -61.432  -60.699  -31.868  -31.222  -31.129  -30.846  -30.576  -30.498   -6.755   -6.604
   -5.889   -5.843    5.267    5.368    6.090    6.220    6.786    6.977    7.086    7.533
    7.999    8.603   10.070   10.196   11.275   11.347   11.697   12.114   12.668   13.396
   16.146   16.278   16.628   16.666
            0.483333  0.000000  0.000000
  -61.432  -60.699  -31.868  -31.222  -31.129  -30.846  -30.576  -30.498   -6.716   -6.641
   -5.880   -5.856    5.281    5.383    6.091    6.222    6.798    7.006    7.069    7.467
    7.997    8.595   10.099   10.164   11.282   11.354   11.697   12.126   12.675   13.386
   16.229   16.273   16.588   16.624
            0.500000  0.000000  0.000000
  -61.432  -60.699  -31.868  -31.222  -31.129  -30.846  -30.576  -30.498   -6.682   -6.675
   -5.871   -5.866    5.286    5.388    6.092    6.223    6.799    7.023    7.062    7.441
    7.996    8.593   10.121   10.140   11.285   11.356   11.697   12.130   12.677   13.382
   16.266   16.271   16.551   16.623
            0.500000  0.000000  0.017257
  -61.432  -60.699  -31.868  -31.223  -31.129  -30.846  -30.576  -30.498   -6.681   -6.674
   -5.871   -5.867    5.288    5.390    6.090    6.219    6.801    7.027    7.066    7.439
    7.995    8.585   10.123   10.142   11.277   11.358   11.706   12.128   12.679   13.381
   16.264   16.264   16.555   16.622
            0.500000  0.000000  0.034514
  -61.432  -60.699  -31.868  -31.223  -31.129  -30.846  -30.577  -30.498   -6.678   -6.671
   -5.873   -5.868    5.294    5.395    6.083    6.209    6.805    7.040    7.075    7.433
    7.991    8.564   10.129   10.146   11.257   11.363   11.729   12.122   12.685   13.379
   16.243   16.255   16.565   16.619
            0.500000  0.000000  0.051770
  -61.432  -60.699  -31.867  -31.224  -31.129  -30.846  -30.578  -30.498   -6.673   -6.667
   -5.875   -5.871    5.304    5.405    6.073    6.193    6.811    7.060    7.090    7.422
    7.984    8.531   10.138   10.153   11.228   11.371   11.763   12.111   12.694   13.375
   16.209   16.241   16.579   16.615
            0.500000  0.000000  0.069027
  -61.432  -60.699  -31.867  -31.226  -31.129  -30.846  -30.580  -30.498   -6.667   -6.660
   -5.878   -5.874    5.319    5.419    6.060    6.173    6.818    7.088    7.110    7.406
    7.977    8.486   10.149   10.160   11.195   11.382   11.804   12.098   12.707   13.370
   16.167   16.221   16.596   16.610
            0.500000  0.000000  0.086284
  -61.432  -60.699  -31.867  -31.228  -31.128  -30.846  -30.582  -30.497   -6.659   -6.652
   -5.883   -5.879    5.337    5.437    6.045    6.149    6.825    7.123    7.130    7.388
    7.971    8.431   10.160   10.167   11.163   11.397   11.847   12.081   12.722   13.363
   16.116   16.193   16.607   16.614
            0.500000  0.000000  0.103541
  -61.432  -60.699  -31.867  -31.230  -31.128  -30.845  -30.584  -30.497   -6.649   -6.642
   -5.888   -5.884    5.360    5.458    6.027    6.124    6.831    7.147    7.165    7.371
    7.968    8.370   10.169   10.172   11.133   11.415   11.893   12.062   12.739   13.355
   16.059   16.158   16.605   16.632
            0.500000  0.000000  0.120798
  -61.432  -60.699  -31.867  -31.233  -31.128  -30.845  -30.587  -30.496   -6.637   -6.631
   -5.893   -5.890    5.386    5.483    6.009    6.097    6.836    7.152    7.211    7.361
    7.967    8.303   10.173   10.176   11.108   11.435   11.937   12.042   12.758   13.346
   15.997   16.115   16.606   16.651
            0.500000  0.000000  0.138055
  -61.431  -60.698  -31.867  -31.236  -31.127  -30.845  -30.590  -30.496   -6.624   -6.618
   -5.900   -5.897    5.417    5.511    5.990    6.070    6.840    7.137    7.260    7.366
    7.971    8.232   10.169   10.179   11.090   11.456   11.980   12.020   12.779   13.337
   15.930   16.066   16.610   16.670
            0.500000  0.000000  0.155311
  -61.431  -60.698  -31.867  -31.240  -31.126  -30.845  -30.594  -30.495   -6.610   -6.604
   -5.907   -5.904    5.451    5.543    5.971    6.044    6.841    7.101    7.312    7.388
    7.980    8.161   10.158   10.178   11.079   11.478   11.997   12.022   12.801   13.326
   15.859   16.010   16.617   16.689
            0.500000  0.000000  0.172568
  -61.431  -60.698  -31.866  -31.244  -31.126  -30.844  -30.598  -30.494   -6.594   -6.588
   -5.915   -5.912    5.489    5.578    5.953    6.018    6.841    7.050    7.366    7.420
    7.993    8.091   10.140   10.172   11.075   11.499   11.975   12.060   12.824   13.315
   15.784   15.949   16.627   16.709
            0.500000  0.000000  0.189825
  -61.431  -60.698  -31.866  -31.248  -31.125  -30.844  -30.603  -30.494   -6.577   -6.572
   -5.923   -5.921    5.530    5.616    5.936    5.994    6.837    6.989    7.419    7.458
    8.011    8.024   10.116   10.162   11.078   11.517   11.955   12.095   12.848   13.305
   15.707   15.883   16.640   16.730
            0.500000  0.000000  0.207082
  -61.430  -60.697  -31.866  -31.253  -31.124  -30.844  -30.607  -30.493   -6.559   -6.554
   -5.932   -5.930    5.575    5.656    5.920    5.971    6.829    6.921    7.471    7.498
    7.963    8.034   10.085   10.148   11.087   11.529   11.938   12.125   12.873   13.294
   15.628   15.815   16.656   16.752
            0.500000  0.000000  0.224339
  -61.430  -60.697  -31.865  -31.258  -31.123  -30.843  -30.612  -30.492   -6.541   -6.535
   -5.940   -5.939    5.623    5.698    5.906    5.949    6.816    6.850    7.518    7.539
    7.913    8.062   10.050   10.131   11.099   11.534   11.924   12.152   12.899   13.284
   15.548   15.743   16.674   16.774
            0.500000  0.000000  0.241596
  -61.430  -60.697  -31.865  -31.263  -31.123  -30.843  -30.618  -30.491   -6.521   -6.516
   -5.949   -5.948    5.674    5.740    5.896    5.930    6.775    6.797    7.557    7.580
    7.878    8.093   10.011   10.110   11.114   11.530   11.915   12.174   12.927   13.275
   15.467   15.670   16.694   16.797
            0.500000  0.000000  0.258852
  -61.430  -60.697  -31.865  -31.268  -31.122  -30.842  -30.623  -30.490   -6.501   -6.496
   -5.957   -5.957    5.727    5.779    5.890    5.913    6.702    6.772    7.584    7.620
    7.864    8.128    9.970   10.086   11.130   11.518   11.909   12.191   12.955   13.267
   15.386   15.596   16.717   16.822
            0.500000  0.000000  0.276109
  -61.429  -60.696  -31.864  -31.273  -31.121  -30.842  -30.629  -30.489   -6.481   -6.477
   -5.966   -5.966    5.781    5.807    5.897    5.899    6.630    6.740    7.595    7.659
    7.874    8.165    9.927   10.061   11.146   11.497   11.905   12.203   12.986   13.260
   15.306   15.522   16.742   16.847
            0.500000  0.000000  0.293366
  -61.429  -60.696  -31.864  -31.279  -31.120  -30.842  -30.634  -30.488   -6.461   -6.457
   -5.974   -5.973    5.818    5.831    5.891    5.920    6.562    6.702    7.596    7.696
    7.903    8.205    9.884   10.034   11.161   11.468   11.902   12.209   13.017   13.255
   15.226   15.448   16.768   16.874
            0.500000  0.000000  0.310623
  -61.429  -60.696  -31.864  -31.285  -31.119  -30.841  -30.640  -30.487   -6.442   -6.438
   -5.981   -5.980    5.817    5.852    5.915    5.951    6.503    6.659    7.594    7.732
    7.943    8.247    9.842   10.006   11.173   11.434   11.897   12.211   13.051   13.252
   15.148   15.376   16.796   16.901
            0.500000  0.000000  0.327880
  -61.428  -60.695  -31.863  -31.291  -31.118  -30.841  -30.647  -30.486   -6.423   -6.419
   -5.987   -5.985    5.810    5.847    5.966    5.977    6.459    6.614    7.594    7.766
    7.989    8.289    9.800    9.977   11.182   11.395   11.889   12.207   13.085   13.251
   15.072   15.305   16.825   16.930
            0.500000  0.000000  0.345137
  -61.428  -60.695  -31.863  -31.296  -31.117  -30.840  -30.653  -30.485   -6.405   -6.402
   -5.992   -5.989    5.801    5.838    5.989    6.018    6.435    6.571    7.597    7.799
    8.036    8.331    9.761    9.948   11.188   11.353   11.877   12.198   13.121   13.252
   14.998   15.236   16.856   16.959
            0.500000  0.000000  0.362393
  -61.428  -60.694  -31.863  -31.302  -31.116  -30.840  -30.659  -30.484   -6.389   -6.387
   -5.994   -5.991    5.788    5.829    5.984    6.064    6.438    6.535    7.604    7.830
    8.084    8.372    9.725    9.919   11.189   11.308   11.860   12.184   13.158   13.256
   14.926   15.170   16.888   16.989
            0.500000  0.000000  0.379650
  -61.427  -60.694  -31.862  -31.308  -31.115  -30.839  -30.665  -30.482   -6.375   -6.373
   -5.995   -5.991    5.769    5.820    5.966    6.096    6.465    6.514    7.616    7.860
    8.131    8.411    9.692    9.891   11.186   11.260   11.838   12.165   13.196   13.262
   14.858   15.106   16.921   17.019
            0.500000  0.000000  0.396907
  -61.427  -60.694  -31.862  -31.314  -31.114  -30.839  -30.671  -30.481   -6.364   -6.362
   -5.993   -5.989    5.740    5.810    5.945    6.108    6.509    6.516    7.630    7.889
    8.177    8.448    9.664    9.863   11.179   11.211   11.811   12.141   13.235   13.270
   14.793   15.046   16.954   17.050
            0.500000  0.000000  0.414164
  -61.427  -60.693  -31.862  -31.320  -31.113  -30.838  -30.677  -30.480   -6.354   -6.353
   -5.989   -5.984    5.701    5.799    5.928    6.100    6.543    6.565    7.648    7.916
    8.219    8.481    9.640    9.838   11.160   11.168   11.778   12.112   13.273   13.280
   14.731   14.989   16.987   17.082
            0.500000  0.000000  0.431421
  -61.426  -60.693  -31.861  -31.326  -31.112  -30.838  -30.683  -30.479   -6.348   -6.346
   -5.982   -5.977    5.652    5.784    5.918    6.077    6.590    6.628    7.667    7.942
    8.260    8.510    9.623    9.814   11.109   11.151   11.741   12.080   13.291   13.311
   14.673   14.936   17.021   17.113
            0.500000  0.000000  0.448678
  -61.426  -60.693  -31.861  -31.331  -31.111  -30.838  -30.689  -30.478   -6.343   -6.342
   -5.973   -5.968    5.598    5.766    5.914    6.049    6.650    6.695    7.689    7.966
    8.297    8.534    9.611    9.792   11.057   11.132   11.700   12.044   13.304   13.349
   14.620   14.886   17.055   17.144
            0.500000  0.000000  0.465934
  -61.426  -60.692  -31.861  -31.337  -31.110  -30.837  -30.694  -30.477   -6.341   -6.340
   -5.962   -5.957    5.541    5.741    5.914    6.023    6.718    6.765    7.712    7.990
    8.330    8.554    9.606    9.773   11.005   11.108   11.655   12.004   13.319   13.385
   14.570   14.841   17.088   17.175
            0.500000  0.000000  0.483191
  -61.425  -60.692  -31.860  -31.342  -31.109  -30.837  -30.700  -30.476   -6.341   -6.340
   -5.950   -5.944    5.484    5.711    5.916    6.002    6.789    6.836    7.736    8.012
    8.360    8.567    9.607    9.756   10.953   11.081   11.607   11.962   13.334   13.420
   14.524   14.799   17.121   17.205
            0.500000  0.000000  0.500448
  -61.425  -60.692  -31.860  -31.347  -31.108  -30.836  -30.705  -30.475   -6.343   -6.341
   -5.936   -5.930    5.428    5.675    5.921    5.987    6.862    6.907    7.760    8.033
    8.386    8.575    9.615    9.744   10.900   11.052   11.556   11.918   13.349   13.453
   14.482   14.761   17.153   17.235
            0.500000  0.000000  0.517705
  -61.425  -60.692  -31.860  -31.352  -31.107  -30.836  -30.710  -30.474   -6.345   -6.344
   -5.922   -5.916    5.373    5.636    5.928    5.978    6.936    6.978    7.785    8.053
    8.407    8.578    9.629    9.734   10.848   11.020   11.504   11.872   13.365   13.485
   14.444   14.727   17.183   17.263
            0.500000  0.000000  0.534962
  -61.425  -60.691  -31.859  -31.356  -31.107  -30.836  -30.714  -30.474   -6.349   -6.347
   -5.907   -5.901    5.321    5.595    5.935    5.973    7.009    7.047    7.811    8.072
    8.424    8.575    9.648    9.729   10.797   10.985   11.451   11.825   13.381   13.514
   14.410   14.697   17.213   17.290
            0.500000  0.000000  0.552219
  -61.424  -60.691  -31.859  -31.360  -31.106  -30.835  -30.719  -30.473   -6.353   -6.351
   -5.892   -5.886    5.273    5.554    5.943    5.972    7.080    7.114    7.837    8.091
    8.437    8.569    9.672    9.727   10.746   10.950   11.398   11.779   13.396   13.542
   14.379   14.670   17.241   17.316
            0.500000  0.000000  0.569475
  -61.424  -60.691  -31.859  -31.364  -31.105  -30.835  -30.722  -30.472   -6.357   -6.355
   -5.878   -5.872    5.228    5.515    5.951    5.973    7.147    7.178    7.863    8.109
    8.444    8.559    9.699    9.730   10.696   10.913   11.345   11.733   13.410   13.566
   14.353   14.647   17.267   17.340
            0.500000  0.000000  0.586732
  -61.424  -60.691  -31.859  -31.367  -31.105  -30.835  -30.726  -30.471   -6.361   -6.360
   -5.865   -5.859    5.188    5.478    5.958    5.975    7.211    7.238    7.889    8.127
    8.448    8.545    9.729    9.737   10.647   10.876   11.295   11.689   13.423   13.589
   14.329   14.627   17.291   17.362
            0.500000  0.000000  0.603989
  -61.424  -60.691  -31.858  -31.370  -31.104  -30.835  -30.729  -30.471   -6.365   -6.364
   -5.853   -5.847    5.151    5.445    5.966    5.977    7.269    7.294    7.916    8.144
    8.447    8.530    9.746    9.761   10.600   10.840   11.248   11.647   13.436   13.608
   14.310   14.610   17.312   17.382
            0.500000  0.000000  0.621246
  -61.424  -60.690  -31.858  -31.373  -31.104  -30.834  -30.732  -30.470   -6.369   -6.367
   -5.842   -5.836    5.119    5.415    5.973    5.981    7.322    7.344    7.942    8.161
    8.442    8.513    9.760    9.793   10.555   10.805   11.205   11.609   13.447   13.625
   14.293   14.596   17.332   17.400
            0.500000  0.000000  0.638503
  -61.424  -60.690  -31.858  -31.376  -31.103  -30.834  -30.735  -30.470   -6.373   -6.371
   -5.832   -5.826    5.092    5.389    5.979    5.984    7.367    7.387    7.968    8.179
    8.434    8.495    9.775    9.824   10.514   10.772   11.167   11.574   13.456   13.640
   14.279   14.584   17.348   17.415
            0.500000  0.000000  0.655760
  -61.423  -60.690  -31.858  -31.377  -31.103  -30.834  -30.736  -30.470   -6.376   -6.374
   -5.824   -5.818    5.069    5.367    5.985    5.987    7.405    7.424    7.993    8.195
    8.424    8.477    9.792    9.853   10.476   10.742   11.134   11.545   13.464   13.651
   14.268   14.575   17.362   17.428
            0.500000  0.000000  0.673016
  -61.423  -60.690  -31.858  -31.379  -31.103  -30.834  -30.738  -30.469   -6.378   -6.376
   -5.817   -5.812    5.051    5.350    5.989    5.990    7.435    7.453    8.016    8.210
    8.414    8.460    9.807    9.877   10.444   10.717   11.108   11.522   13.470   13.661
   14.260   14.569   17.373   17.438
            0.500000  0.000000  0.690273
  -61.423  -60.690  -31.858  -31.380  -31.103  -30.834  -30.739  -30.469   -6.380   -6.378
   -5.813   -5.807    5.039    5.338    5.991    5.992    7.456    7.474    8.034    8.223
    8.404    8.445    9.821    9.896   10.419   10.698   11.089   11.504   13.474   13.667
   14.254   14.564   17.381   17.445
            0.500000  0.000000  0.707530
  -61.423  -60.690  -31.858  -31.381  -31.102  -30.834  -30.740  -30.469   -6.381   -6.379
   -5.810   -5.804    5.031    5.331    5.993    5.994    7.469    7.487    8.046    8.232
    8.397    8.436    9.830    9.909   10.403   10.685   11.077   11.494   13.477   13.671
   14.251   14.561   17.385   17.449
            0.500000  0.000000  0.724787
  -61.423  -60.690  -31.858  -31.381  -31.102  -30.834  -30.740  -30.469   -6.381   -6.379
   -5.809   -5.803    5.029    5.328    5.993    5.995    7.473    7.491    8.050    8.235
    8.394    8.432    9.833    9.913   10.397   10.681   11.073   11.490   13.478   13.672
   14.250   14.560   17.387   17.451
            0.483333  0.000000  0.724787
  -61.423  -60.690  -31.858  -31.381  -31.102  -30.834  -30.740  -30.469   -6.381   -6.379
   -5.809   -5.804    5.030    5.329    5.993    5.995    7.472    7.491    8.047    8.228
    8.404    8.437    9.821    9.895   10.414   10.693   11.073   11.490   13.477   13.672
   14.251   14.561   17.384   17.448
            0.466667  0.000000  0.724787
  -61.423  -60.690  -31.858  -31.381  -31.102  -30.834  -30.740  -30.469   -6.380   -6.378
   -5.810   -5.805    5.034    5.332    5.992    5.994    7.468    7.489    8.038    8.208
    8.428    8.449    9.786    9.850   10.458   10.728   11.073   11.490   13.476   13.673
   14.256   14.565   17.375   17.438
            0.450000  0.000000  0.724787
  -61.423  -60.690  -31.858  -31.381  -31.102  -30.834  -30.740  -30.469   -6.379   -6.376
   -5.812   -5.806    5.041    5.337    5.991    5.992    7.462    7.486    8.024    8.184
    8.461    8.469    9.733    9.786   10.519   10.779   11.073   11.490   13.472   13.673
   14.264   14.571   17.360   17.423
            0.433333  0.000000  0.724787
  -61.423  -60.690  -31.858  -31.381  -31.102  -30.834  -30.740  -30.469   -6.377   -6.374
   -5.814   -5.809    5.050    5.344    5.989    5.990    7.453    7.481    8.007    8.157
    8.494    8.498    9.667    9.713   10.589   10.844   11.073   11.489   13.468   13.674
   14.275   14.579   17.340   17.402
            0.416667  0.000000  0.724787
  -61.423  -60.690  -31.858  -31.381  -31.102  -30.834  -30.740  -30.469   -6.374   -6.372
   -5.818   -5.812    5.062    5.353    5.986    5.989    7.443    7.476    7.988    8.131
    8.521    8.539    9.592    9.634   10.663   10.917   11.073   11.489   13.462   13.674
   14.289   14.590   17.314   17.375
            0.400000  0.000000  0.724787
  -61.423  -60.690  -31.858  -31.381  -31.102  -30.834  -30.740  -30.469   -6.371   -6.369
   -5.821   -5.816    5.077    5.363    5.982    5.988    7.430    7.468    7.970    8.105
    8.549    8.581    9.511    9.555   10.739   10.995   11.073   11.489   13.456   13.675
   14.307   14.604   17.282   17.343
            0.383333  0.000000  0.724787
  -61.423  -60.690  -31.858  -31.381  -31.102  -30.834  -30.740  -30.469   -6.367   -6.365
   -5.826   -5.821    5.094    5.375    5.978    5.988    7.416    7.460    7.951    8.080
    8.576    8.625    9.426    9.476   10.815   11.073   11.077   11.488   13.447   13.676
   14.327   14.619   17.245   17.305
            0.366667  0.000000  0.724787
  -61.423  -60.690  -31.858  -31.381  -31.102  -30.834  -30.740  -30.469   -6.362   -6.361
   -5.831   -5.826    5.114    5.387    5.974    5.989    7.401    7.450    7.934    8.056
    8.600    8.669    9.340    9.401   10.889   11.074   11.161   11.488   13.438   13.678
   14.350   14.637   17.203   17.262
            0.350000  0.000000  0.724787
  -61.423  -60.690  -31.858  -31.381  -31.102  -30.834  -30.740  -30.469   -6.357   -6.356
   -5.836   -5.832    5.135    5.400    5.969    5.992    7.384    7.438    7.919    8.033
    8.617    8.713    9.252    9.332   10.960   11.078   11.246   11.488   13.427   13.680
   14.377   14.657   17.156   17.215
            0.333333  0.000000  0.724787
  -61.423  -60.690  -31.857  -31.381  -31.102  -30.834  -30.740  -30.469   -6.352   -6.351
   -5.842   -5.838    5.159    5.413    5.965    5.997    7.366    7.425    7.905    8.010
    8.625    8.757    9.165    9.273   11.019   11.091   11.329   11.489   13.415   13.682
   14.406   14.680   17.105   17.162
            0.316667  0.000000  0.724787
  -61.423  -60.690  -31.857  -31.381  -31.102  -30.834  -30.740  -30.469   -6.346   -6.345
   -5.849   -5.845    5.185    5.426    5.960    6.005    7.348    7.411    7.893    7.989
    8.618    8.799    9.081    9.228   11.047   11.133   11.408   11.495   13.402   13.685
   14.439   14.705   17.050   17.106
            0.300000  0.000000  0.724787
  -61.423  -60.690  -31.857  -31.380  -31.102  -30.834  -30.740  -30.469   -6.340   -6.339
   -5.856   -5.852    5.212    5.437    5.956    6.016    7.328    7.396    7.883    7.969
    8.595    8.834    9.003    9.200   11.054   11.194   11.458   11.529   13.387   13.688
   14.474   14.732   16.991   17.045
            0.283333  0.000000  0.724787
  -61.423  -60.690  -31.857  -31.380  -31.102  -30.834  -30.741  -30.469   -6.333   -6.332
   -5.864   -5.860    5.240    5.447    5.953    6.031    7.308    7.380    7.874    7.949
    8.555    8.840    8.955    9.188   11.056   11.258   11.469   11.601   13.371   13.691
   14.512   14.762   16.929   16.981
            0.266667  0.000000  0.724787
  -61.423  -60.690  -31.857  -31.380  -31.102  -30.834  -30.741  -30.469   -6.326   -6.325
   -5.871   -5.869    5.269    5.456    5.950    6.051    7.287    7.364    7.867    7.930
    8.500    8.789    8.965    9.191   11.055   11.320   11.471   11.681   13.354   13.695
   14.553   14.794   16.863   16.914
            0.250000  0.000000  0.724787
  -61.423  -60.690  -31.857  -31.380  -31.102  -30.834  -30.741  -30.469   -6.318   -6.318
   -5.880   -5.877    5.299    5.463    5.949    6.075    7.265    7.346    7.860    7.912
    8.434    8.717    8.998    9.205   11.055   11.379   11.471   11.762   13.335   13.699
   14.596   14.828   16.795   16.843
            0.233333  0.000000  0.724787
  -61.423  -60.690  -31.857  -31.380  -31.102  -30.834  -30.741  -30.469   -6.311   -6.310
   -5.888   -5.886    5.329    5.467    5.950    6.104    7.242    7.329    7.855    7.894
    8.362    8.642    9.036    9.226   11.054   11.436   11.470   11.841   13.315   13.704
   14.642   14.864   16.724   16.771
            0.216667  0.000000  0.724787
  -61.423  -60.690  -31.857  -31.380  -31.102  -30.834  -30.741  -30.469   -6.303   -6.302
   -5.897   -5.895    5.358    5.470    5.953    6.138    7.219    7.310    7.850    7.877
    8.286    8.568    9.073    9.251   11.052   11.468   11.489   11.920   13.293   13.709
   14.690   14.903   16.651   16.696
            0.200000  0.000000  0.724787
  -61.423  -60.690  -31.857  -31.380  -31.102  -30.834  -30.741  -30.469   -6.295   -6.294
   -5.906   -5.905    5.386    5.471    5.958    6.177    7.194    7.292    7.844    7.861
    8.209    8.498    9.109    9.278   11.051   11.467   11.539   11.996   13.271   13.715
   14.741   14.944   16.577   16.619
            0.183333  0.000000  0.724787
  -61.423  -60.690  -31.857  -31.380  -31.102  -30.834  -30.741  -30.469   -6.287   -6.285
   -5.915   -5.914    5.413    5.470    5.967    6.220    7.168    7.273    7.837    7.846
    8.133    8.432    9.143    9.306   11.049   11.465   11.584   12.070   13.246   13.720
   14.794   14.988   16.501   16.541
            0.166667  0.000000  0.724787
  -61.423  -60.690  -31.857  -31.380  -31.102  -30.834  -30.741  -30.469   -6.279   -6.277
   -5.924   -5.923    5.438    5.468    5.978    6.267    7.141    7.253    7.827    7.832
    8.061    8.371    9.176    9.334   11.047   11.464   11.627   12.142   13.221   13.726
   14.849   15.033   16.424   16.463
            0.150000  0.000000  0.724787
  -61.423  -60.690  -31.857  -31.380  -31.102  -30.834  -30.741  -30.469   -6.271   -6.269
   -5.933   -5.932    5.459    5.466    5.993    6.317    7.113    7.231    7.811    7.819
    7.998    8.314    9.206    9.361   11.045   11.462   11.665   12.211   13.194   13.732
   14.906   15.081   16.347   16.383
            0.133333  0.000000  0.724787
  -61.423  -60.690  -31.857  -31.380  -31.102  -30.835  -30.741  -30.469   -6.264   -6.261
   -5.942   -5.941    5.463    5.478    6.011    6.372    7.084    7.208    7.784    7.806
    7.949    8.264    9.233    9.386   11.044   11.460   11.699   12.277   13.166   13.738
   14.965   15.131   16.269   16.304
            0.116667  0.000000  0.724787
  -61.423  -60.690  -31.857  -31.380  -31.102  -30.835  -30.741  -30.469   -6.256   -6.253
   -5.950   -5.949    5.459    5.494    6.032    6.429    7.054    7.183    7.743    7.796
    7.919    8.218    9.258    9.410   11.042   11.459   11.729   12.340   13.137   13.744
   15.024   15.184   16.192   16.226
            0.100000  0.000000  0.724787
  -61.423  -60.690  -31.857  -31.380  -31.102  -30.835  -30.741  -30.469   -6.249   -6.245
   -5.958   -5.956    5.456    5.507    6.054    6.488    7.024    7.154    7.695    7.786
    7.902    8.179    9.280    9.430   11.041   11.457   11.755   12.400   13.108   13.749
   15.084   15.238   16.116   16.149
            0.083333  0.000000  0.724787
  -61.423  -60.690  -31.857  -31.380  -31.102  -30.835  -30.741  -30.469   -6.243   -6.239
   -5.966   -5.963    5.452    5.517    6.078    6.550    6.996    7.120    7.647    7.778
    7.893    8.146    9.298    9.449   11.039   11.456   11.778   12.455   13.078   13.754
   15.144   15.294   16.041   16.075
            0.066667  0.000000  0.724787
  -61.423  -60.690  -31.857  -31.380  -31.102  -30.835  -30.741  -30.469   -6.238   -6.233
   -5.972   -5.969    5.450    5.525    6.100    6.613    6.970    7.081    7.604    7.771
    7.888    8.119    9.314    9.464   11.038   11.455   11.796   12.504   13.050   13.758
   15.203   15.351   15.968   16.004
            0.050000  0.000000  0.724787
  -61.423  -60.690  -31.857  -31.380  -31.102  -30.835  -30.741  -30.469   -6.233   -6.228
   -5.977   -5.974    5.447    5.531    6.120    6.677    6.947    7.036    7.569    7.766
    7.885    8.098    9.326    9.476   11.037   11.454   11.810   12.547   13.023   13.762
   15.257   15.407   15.899   15.941
            0.033333  0.000000  0.724787
  -61.423  -60.690  -31.857  -31.380  -31.102  -30.835  -30.741  -30.469   -6.230   -6.224
   -5.981   -5.977    5.445    5.535    6.136    6.742    6.929    6.986    7.544    7.762
    7.884    8.084    9.335    9.485   11.037   11.453   11.820   12.582   13.000   13.764
   15.303   15.460   15.836   15.887
            0.016667  0.000000  0.724787
  -61.423  -60.690  -31.857  -31.380  -31.102  -30.835  -30.741  -30.469   -6.228   -6.222
   -5.983   -5.979    5.444    5.537    6.146    6.805    6.917    6.931    7.529    7.760
    7.883    8.075    9.340    9.490   11.036   11.453   11.826   12.604   12.985   13.766
   15.336   15.504   15.787   15.850
            0.000000  0.000000  0.724787
  -61.423  -60.690  -31.857  -31.380  -31.102  -30.835  -30.741  -30.469   -6.227   -6.221
   -5.984   -5.980    5.444    5.538    6.150    6.855    6.883    6.914    7.524    7.759
    7.882    8.072    9.342    9.492   11.036   11.453   11.828   12.612   12.979   13.766
   15.348   15.522   15.767   15.837
            0.000000  0.000000  0.707530
  -61.423  -60.690  -31.857  -31.379  -31.102  -30.835  -30.741  -30.469   -6.247   -6.204
   -5.984   -5.980    5.441    5.539    6.149    6.851    6.866    6.931    7.508    7.764
    7.884    8.089    9.341    9.491   11.036   11.455   11.825   12.610   12.983   13.764
   15.350   15.519   15.768   15.842
            0.000000  0.000000  0.690273
  -61.423  -60.690  -31.857  -31.379  -31.102  -30.835  -30.740  -30.469   -6.272   -6.185
   -5.982   -5.978    5.434    5.544    6.148    6.837    6.841    6.959    7.464    7.779
    7.888    8.136    9.339    9.488   11.034   11.461   11.816   12.605   12.992   13.756
   15.354   15.511   15.770   15.856
            0.000000  0.000000  0.673016
  -61.423  -60.690  -31.857  -31.378  -31.102  -30.835  -30.739  -30.469   -6.298   -6.169
   -5.979   -5.975    5.424    5.550    6.146    6.810    6.823    6.988    7.403    7.804
    7.895    8.202    9.336    9.483   11.032   11.470   11.802   12.596   13.008   13.744
   15.362   15.498   15.773   15.879
            0.000000  0.000000  0.655760
  -61.423  -60.690  -31.857  -31.376  -31.102  -30.835  -30.738  -30.469   -6.326   -6.154
   -5.974   -5.971    5.410    5.556    6.144    6.783    6.799    7.019    7.331    7.837
    7.905    8.280    9.332    9.477   11.030   11.482   11.782   12.584   13.030   13.728
   15.372   15.482   15.778   15.910
            0.000000  0.000000  0.638503
  -61.424  -60.690  -31.857  -31.374  -31.103  -30.835  -30.736  -30.470   -6.356   -6.142
   -5.969   -5.965    5.394    5.562    6.140    6.756    6.772    7.051    7.254    7.877
    7.918    8.366    9.327    9.468   11.028   11.495   11.758   12.568   13.056   13.706
   15.386   15.463   15.785   15.948
            0.000000  0.000000  0.621246
  -61.424  -60.690  -31.857  -31.372  -31.103  -30.835  -30.733  -30.470   -6.387   -6.132
   -5.962   -5.959    5.375    5.567    6.136    6.732    6.740    7.085    7.175    7.922
    7.934    8.455    9.320    9.458   11.026   11.510   11.731   12.548   13.087   13.681
   15.402   15.441   15.793   15.991
            0.000000  0.000000  0.603989
  -61.424  -60.691  -31.857  -31.369  -31.104  -30.835  -30.730  -30.471   -6.420   -6.124
   -5.955   -5.951    5.355    5.568    6.132    6.706    6.711    7.093    7.122    7.953
    7.974    8.548    9.312    9.445   11.025   11.525   11.700   12.525   13.121   13.651
   15.417   15.422   15.803   16.041
            0.000000  0.000000  0.586732
  -61.424  -60.691  -31.858  -31.366  -31.104  -30.835  -30.727  -30.471   -6.454   -6.118
   -5.946   -5.942    5.331    5.566    6.127    6.671    6.694    7.013    7.161    7.974
    8.029    8.643    9.303    9.431   11.026   11.539   11.667   12.499   13.159   13.617
   15.390   15.444   15.815   16.095
            0.000000  0.000000  0.569475
  -61.424  -60.691  -31.858  -31.363  -31.105  -30.835  -30.724  -30.472   -6.490   -6.114
   -5.936   -5.933    5.305    5.560    6.121    6.634    6.683    6.932    7.204    7.999
    8.089    8.739    9.292    9.415   11.028   11.552   11.632   12.469   13.199   13.580
   15.362   15.468   15.829   16.155
            0.000000  0.000000  0.552219
  -61.424  -60.691  -31.858  -31.359  -31.106  -30.836  -30.720  -30.473   -6.526   -6.112
   -5.925   -5.922    5.277    5.547    6.115    6.597    6.678    6.853    7.250    8.026
    8.151    8.836    9.279    9.397   11.030   11.564   11.595   12.436   13.240   13.539
   15.331   15.495   15.846   16.220
            0.000000  0.000000  0.534962
  -61.425  -60.691  -31.859  -31.355  -31.107  -30.836  -30.715  -30.473   -6.564   -6.111
   -5.913   -5.910    5.247    5.529    6.109    6.560    6.681    6.774    7.300    8.056
    8.216    8.932    9.266    9.377   11.035   11.557   11.573   12.400   13.284   13.495
   15.298   15.525   15.864   16.290
            0.000000  0.000000  0.517705
  -61.425  -60.692  -31.859  -31.351  -31.108  -30.836  -30.711  -30.474   -6.602   -6.113
   -5.901   -5.898    5.214    5.503    6.102    6.523    6.692    6.698    7.354    8.088
    8.284    9.029    9.250    9.356   11.040   11.519   11.579   12.361   13.328   13.448
   15.263   15.557   15.885   16.364
            0.000000  0.000000  0.500448
  -61.425  -60.692  -31.859  -31.346  -31.108  -30.836  -30.706  -30.475   -6.641   -6.116
   -5.887   -5.885    5.179    5.471    6.095    6.487    6.622    6.713    7.412    8.123
    8.353    9.126    9.233    9.332   11.046   11.480   11.582   12.318   13.374   13.398
   15.225   15.592   15.909   16.441
            0.000000  0.000000  0.483191
  -61.425  -60.692  -31.860  -31.341  -31.109  -30.836  -30.700  -30.476   -6.681   -6.121
   -5.873   -5.871    5.142    5.433    6.088    6.452    6.549    6.741    7.474    8.161
    8.425    9.213    9.223    9.307   11.053   11.441   11.583   12.273   13.346   13.420
   15.185   15.629   15.935   16.522
            0.000000  0.000000  0.465934
  -61.426  -60.692  -31.860  -31.336  -31.111  -30.837  -30.695  -30.477   -6.720   -6.127
   -5.858   -5.856    5.103    5.389    6.081    6.417    6.477    6.778    7.541    8.201
    8.497    9.195    9.280    9.317   11.060   11.402   11.580   12.224   13.291   13.466
   15.142   15.668   15.963   16.606
            0.000000  0.000000  0.448678
  -61.426  -60.693  -31.860  -31.330  -31.112  -30.837  -30.689  -30.478   -6.760   -6.135
   -5.842   -5.841    5.062    5.341    6.074    6.383    6.407    6.822    7.611    8.243
    8.572    9.174    9.252    9.411   11.068   11.363   11.574   12.173   13.234   13.511
   15.097   15.710   15.995   16.693
            0.000000  0.000000  0.431421
  -61.426  -60.693  -31.861  -31.325  -31.113  -30.837  -30.684  -30.479   -6.800   -6.144
   -5.826   -5.825    5.020    5.288    6.067    6.340    6.351    6.874    7.686    8.287
    8.646    9.152    9.223    9.503   11.076   11.325   11.564   12.119   13.175   13.557
   15.049   15.754   16.029   16.782
            0.000000  0.000000  0.414164
  -61.427  -60.693  -31.861  -31.319  -31.114  -30.837  -30.678  -30.480   -6.840   -6.154
   -5.810   -5.809    4.978    5.233    6.060    6.274    6.320    6.932    7.764    8.334
    8.722    9.129    9.193    9.594   11.083   11.288   11.551   12.062   13.114   13.602
   14.998   15.799   16.066   16.872
            0.000000  0.000000  0.396907
  -61.427  -60.694  -31.861  -31.313  -31.115  -30.838  -30.672  -30.481   -6.880   -6.165
   -5.793   -5.793    4.934    5.175    6.053    6.211    6.290    6.995    7.846    8.381
    8.796    9.106    9.163    9.684   11.090   11.251   11.535   12.003   13.051   13.647
   14.946   15.847   16.105   16.963
            0.000000  0.000000  0.379650
  -61.427  -60.694  -31.862  -31.308  -31.116  -30.838  -30.665  -30.482   -6.919   -6.177
   -5.776   -5.776    4.891    5.115    6.047    6.150    6.262    7.063    7.931    8.430
    8.868    9.083    9.137    9.771   11.096   11.216   11.516   11.942   12.987   13.690
   14.891   15.897   16.147   17.055
            0.000000  0.000000  0.362393
  -61.428  -60.694  -31.862  -31.302  -31.117  -30.838  -30.659  -30.483   -6.958   -6.189
   -5.759   -5.759    4.847    5.055    6.041    6.092    6.235    7.135    8.019    8.479
    8.930    9.061    9.119    9.857   11.101   11.181   11.494   11.878   12.921   13.733
   14.834   15.948   16.192   17.146
            0.000000  0.000000  0.345137
  -61.428  -60.695  -31.863  -31.296  -31.118  -30.838  -30.653  -30.484   -6.995   -6.203
   -5.742   -5.742    4.803    4.995    6.033    6.039    6.210    7.211    8.111    8.527
    8.966    9.041    9.129    9.940   11.104   11.148   11.470   11.812   12.854   13.775
   14.776   16.001   16.238   17.237
            0.000000  0.000000  0.327880
  -61.428  -60.695  -31.863  -31.290  -31.120  -30.839  -30.647  -30.485   -7.033   -6.216
   -5.726   -5.724    4.759    4.935    5.982    6.031    6.186    7.290    8.204    8.572
    8.962    9.026    9.177   10.020   11.106   11.116   11.443   11.744   12.786   13.815
   14.717   16.056   16.287   17.327
            0.000000  0.000000  0.310623
  -61.429  -60.696  -31.864  -31.284  -31.121  -30.839  -30.641  -30.486   -7.069   -6.230
   -5.709   -5.707    4.717    4.877    5.931    6.027    6.164    7.370    8.300    8.611
    8.939    9.017    9.246   10.098   11.085   11.105   11.414   11.674   12.717   13.854
   14.656   16.111   16.337   17.414
            0.000000  0.000000  0.293366
  -61.429  -60.696  -31.864  -31.279  -31.122  -30.839  -30.635  -30.487   -7.103   -6.244
   -5.692   -5.691    4.675    4.819    5.882    6.023    6.143    7.453    8.398    8.642
    8.907    9.018    9.322   10.172   11.055   11.101   11.384   11.602   12.647   13.892
   14.595   16.168   16.389   17.500
            0.000000  0.000000  0.276109
  -61.429  -60.696  -31.864  -31.273  -31.123  -30.839  -30.629  -30.488   -7.137   -6.258
   -5.676   -5.674    4.635    4.763    5.836    6.019    6.124    7.537    8.498    8.661
    8.873    9.034    9.401   10.244   11.027   11.093   11.353   11.529   12.577   13.928
   14.533   16.224   16.442   17.583
            0.000000  0.000000  0.258852
  -61.430  -60.697  -31.865  -31.268  -31.124  -30.840  -30.623  -30.489   -7.169   -6.272
   -5.661   -5.658    4.596    4.709    5.793    6.016    6.106    7.621    8.599    8.667
    8.839    9.065    9.482   10.312   11.001   11.081   11.323   11.453   12.506   13.962
   14.472   16.281   16.496   17.662
            0.000000  0.000000  0.241596
  -61.430  -60.697  -31.865  -31.262  -31.125  -30.840  -30.618  -30.490   -7.200   -6.286
   -5.645   -5.643    4.558    4.658    5.752    6.014    6.090    7.706    8.662    8.702
    8.804    9.109    9.563   10.376   10.977   11.062   11.294   11.377   12.434   13.994
   14.411   16.338   16.550   17.738
            0.000000  0.000000  0.224339
  -61.430  -60.697  -31.865  -31.257  -31.126  -30.840  -30.612  -30.491   -7.229   -6.299
   -5.631   -5.628    4.523    4.609    5.714    6.012    6.075    7.789    8.648    8.769
    8.805    9.163    9.644   10.436   10.954   11.037   11.267   11.300   12.363   14.025
   14.351   16.395   16.605   17.811
            0.000000  0.000000  0.207082
  -61.430  -60.697  -31.866  -31.253  -31.127  -30.840  -30.607  -30.492   -7.257   -6.312
   -5.617   -5.613    4.489    4.563    5.679    6.010    6.062    7.871    8.630    8.736
    8.908    9.225    9.724   10.492   10.934   11.004   11.217   11.248   12.292   14.054
   14.293   16.450   16.658   17.879
            0.000000  0.000000  0.189825
  -61.431  -60.698  -31.866  -31.248  -31.128  -30.840  -30.603  -30.492   -7.282   -6.324
   -5.604   -5.600    4.457    4.520    5.646    6.009    6.050    7.951    8.610    8.704
    9.011    9.292    9.803   10.544   10.915   10.964   11.138   11.227   12.221   14.080
   14.237   16.504   16.711   17.942
            0.000000  0.000000  0.172568
  -61.431  -60.698  -31.866  -31.244  -31.129  -30.841  -30.598  -30.493   -7.306   -6.336
   -5.591   -5.587    4.428    4.480    5.616    6.008    6.039    8.027    8.588    8.673
    9.114    9.362    9.880   10.591   10.899   10.917   11.057   11.209   12.152   14.105
   14.184   16.555   16.762   18.001
            0.000000  0.000000  0.155311
  -61.431  -60.698  -31.867  -31.240  -31.129  -30.841  -30.594  -30.494   -7.328   -6.347
   -5.580   -5.576    4.401    4.444    5.589    6.008    6.030    8.100    8.566    8.645
    9.216    9.436    9.956   10.632   10.866   10.886   10.976   11.194   12.084   14.127
   14.134   16.605   16.810   18.054
            0.000000  0.000000  0.138055
  -61.431  -60.698  -31.867  -31.236  -31.130  -30.841  -30.590  -30.494   -7.347   -6.357
   -5.570   -5.565    4.377    4.411    5.565    6.008    6.022    8.169    8.545    8.619
    9.317    9.512   10.028   10.667   10.809   10.876   10.893   11.180   12.018   14.087
   14.148   16.651   16.856   18.101
            0.000000  0.000000  0.120798
  -61.432  -60.699  -31.867  -31.233  -31.131  -30.841  -30.587  -30.495   -7.365   -6.365
   -5.560   -5.556    4.355    4.381    5.544    6.008    6.015    8.232    8.525    8.595
    9.416    9.589   10.097   10.696   10.750   10.811   10.871   11.167   11.955   14.044
   14.165   16.693   16.898   18.143
            0.000000  0.000000  0.103541
  -61.432  -60.699  -31.867  -31.230  -31.131  -30.841  -30.584  -30.495   -7.380   -6.373
   -5.552   -5.547    4.336    4.356    5.525    6.008    6.009    8.289    8.507    8.574
    9.512    9.667   10.162   10.687   10.717   10.729   10.869   11.156   11.896   14.007
   14.181   16.731   16.936   18.178
            0.000000  0.000000  0.086284
  -61.432  -60.699  -31.867  -31.228  -31.132  -30.841  -30.582  -30.496   -7.393   -6.380
   -5.545   -5.540    4.320    4.334    5.509    6.004    6.008    8.339    8.492    8.555
    9.604    9.746   10.220   10.623   10.646   10.732   10.872   11.145   11.842   13.974
   14.194   16.764   16.970   18.207
            0.000000  0.000000  0.069027
  -61.432  -60.699  -31.868  -31.226  -31.132  -30.841  -30.580  -30.496   -7.404   -6.386
   -5.539   -5.534    4.306    4.317    5.497    6.000    6.009    8.381    8.479    8.540
    9.692    9.825   10.271   10.557   10.568   10.740   10.878   11.136   11.795   13.947
   14.205   16.793   16.998   18.228
            0.000000  0.000000  0.051770
  -61.432  -60.699  -31.868  -31.225  -31.132  -30.842  -30.578  -30.497   -7.412   -6.390
   -5.535   -5.530    4.295    4.303    5.486    5.997    6.009    8.414    8.468    8.528
    9.771    9.901   10.313   10.483   10.501   10.744   10.885   11.129   11.756   13.925
   14.214   16.815   17.020   18.243
            0.000000  0.000000  0.034514
  -61.432  -60.699  -31.868  -31.223  -31.132  -30.842  -30.577  -30.497   -7.418   -6.393
   -5.532   -5.526    4.287    4.294    5.479    5.995    6.009    8.439    8.460    8.520
    9.838    9.972   10.345   10.411   10.447   10.745   10.891   11.124   11.726   13.910
   14.220   16.831   17.037   18.251
            0.000000  0.000000  0.017257
  -61.432  -60.699  -31.868  -31.223  -31.133  -30.842  -30.576  -30.497   -7.422   -6.395
   -5.530   -5.524    4.282    4.288    5.475    5.993    6.009    8.454    8.456    8.514
    9.885   10.030   10.353   10.365   10.407   10.746   10.895   11.120   11.707   13.900
   14.224   16.841   17.047   18.254
            0.000000  0.000000  0.000000
  -61.432  -60.699  -31.868  -31.223  -31.133  -30.842  -30.576  -30.497   -7.423   -6.396
   -5.529   -5.524    4.281    4.286    5.474    5.993    6.009    8.454    8.459    8.513
    9.903   10.055   10.328   10.372   10.392   10.746   10.897   11.119   11.701   13.897
   14.225   16.844   17.050   18.255
            0.011905  0.011905  0.000000
  -61.432  -60.699  -31.868  -31.223  -31.133  -30.842  -30.576  -30.497   -7.422   -6.396
   -5.529   -5.525    4.281    4.290    5.475    5.994    6.009    8.453    8.458    8.505
    9.899   10.055   10.319   10.337   10.422   10.757   10.896   11.123   11.708   13.902
   14.223   16.841   17.050   18.253
            0.023810  0.023810  0.000000
  -61.432  -60.699  -31.868  -31.223  -31.133  -30.842  -30.576  -30.497   -7.419   -6.395
   -5.531   -5.530    4.281    4.303    5.481    5.995    6.009    8.451    8.456    8.484
    9.886   10.055   10.288   10.294   10.455   10.787   10.893   11.136   11.727   13.915
   14.217   16.833   17.050   18.247
            0.035714  0.035714  0.000000
  -61.432  -60.699  -31.868  -31.223  -31.132  -30.842  -30.576  -30.497   -7.414   -6.394
   -5.539   -5.531    4.281    4.324    5.491    5.999    6.008    8.445    8.450    8.454
    9.865   10.056   10.235   10.258   10.485   10.830   10.889   11.155   11.758   13.936
   14.208   16.819   17.050   18.237
            0.047619  0.047619  0.000000
  -61.432  -60.699  -31.868  -31.223  -31.132  -30.842  -30.576  -30.497   -7.407   -6.392
   -5.550   -5.532    4.281    4.352    5.504    6.003    6.007    8.400    8.440    8.450
    9.837   10.056   10.178   10.216   10.511   10.866   10.899   11.180   11.800   13.965
   14.195   16.800   17.050   18.222
            0.059524  0.059524  0.000000
  -61.432  -60.699  -31.868  -31.223  -31.132  -30.842  -30.576  -30.497   -7.398   -6.390
   -5.565   -5.534    4.281    4.389    5.521    6.006    6.009    8.340    8.432    8.445
    9.805   10.056   10.116   10.171   10.535   10.864   10.952   11.209   11.852   14.001
   14.179   16.776   17.050   18.203
            0.071429  0.071429  0.000000
  -61.432  -60.699  -31.868  -31.223  -31.132  -30.842  -30.576  -30.497   -7.387   -6.387
   -5.582   -5.536    4.282    4.433    5.541    6.005    6.015    8.269    8.423    8.439
    9.768   10.052   10.057   10.124   10.556   10.853   11.016   11.241   11.910   14.044
   14.160   16.747   17.049   18.178
            0.083333  0.083333  0.000000
  -61.432  -60.699  -31.868  -31.223  -31.132  -30.843  -30.576  -30.497   -7.375   -6.384
   -5.603   -5.539    4.282    4.484    5.566    6.003    6.022    8.189    8.412    8.432
    9.729    9.986   10.058   10.078   10.575   10.838   11.083   11.274   11.975   14.092
   14.138   16.714   17.049   18.150
            0.095238  0.095238  0.000000
  -61.432  -60.699  -31.868  -31.223  -31.131  -30.843  -30.576  -30.497   -7.361   -6.381
   -5.625   -5.541    4.283    4.542    5.594    6.001    6.030    8.101    8.399    8.425
    9.688    9.919   10.032   10.059   10.592   10.821   11.154   11.308   12.043   14.113
   14.146   16.678   17.049   18.116
            0.107143  0.107143  0.000000
  -61.432  -60.699  -31.868  -31.223  -31.131  -30.843  -30.576  -30.497   -7.345   -6.378
   -5.649   -5.544    4.283    4.605    5.625    5.999    6.038    8.006    8.385    8.418
    9.647    9.851    9.987   10.060   10.608   10.802   11.226   11.341   12.114   14.087
   14.203   16.638   17.049   18.078
            0.119048  0.119048  0.000000
  -61.432  -60.699  -31.868  -31.223  -31.131  -30.844  -30.576  -30.497   -7.327   -6.375
   -5.675   -5.548    4.284    4.674    5.660    5.997    6.047    7.906    8.370    8.410
    9.607    9.783    9.944   10.061   10.621   10.779   11.299   11.372   12.187   14.059
   14.264   16.597   17.048   18.035
            0.130952  0.130952  0.000000
  -61.432  -60.699  -31.868  -31.222  -31.131  -30.844  -30.576  -30.497   -7.309   -6.372
   -5.702   -5.552    4.284    4.748    5.699    5.994    6.056    7.803    8.353    8.403
    9.568    9.716    9.902   10.062   10.633   10.755   11.373   11.402   12.259   14.029
   14.328   16.555   17.048   17.988
            0.142857  0.142857  0.000000
  -61.432  -60.699  -31.868  -31.222  -31.130  -30.844  -30.576  -30.497   -7.289   -6.369
   -5.730   -5.556    4.285    4.824    5.741    5.991    6.064    7.698    8.336    8.397
    9.530    9.649    9.861   10.063   10.644   10.727   11.429   11.449   12.329   13.998
   14.394   16.512   17.048   17.936
            0.154762  0.154762  0.000000
  -61.432  -60.699  -31.868  -31.222  -31.130  -30.845  -30.576  -30.497   -7.268   -6.367
   -5.758   -5.560    4.285    4.903    5.786    5.989    6.072    7.594    8.317    8.391
    9.495    9.584    9.822   10.064   10.653   10.697   11.453   11.523   12.396   13.967
   14.461   16.469   17.047   17.880
            0.166667  0.166667  0.000000
  -61.432  -60.699  -31.868  -31.222  -31.130  -30.845  -30.576  -30.497   -7.246   -6.365
   -5.785   -5.564    4.286    4.983    5.835    5.986    6.080    7.491    8.297    8.387
    9.462    9.520    9.784   10.066   10.659   10.666   11.473   11.598   12.459   13.936
   14.529   16.429   17.047   17.819
            0.178571  0.178571  0.000000
  -61.432  -60.699  -31.868  -31.222  -31.130  -30.845  -30.576  -30.497   -7.224   -6.365
   -5.811   -5.569    4.286    5.061    5.886    5.982    6.086    7.394    8.277    8.385
    9.431    9.458    9.748   10.067   10.629   10.667   11.490   11.673   12.517   13.905
   14.598   16.391   17.047   17.755
            0.190476  0.190476  0.000000
  -61.432  -60.699  -31.868  -31.222  -31.130  -30.845  -30.576  -30.497   -7.201   -6.367
   -5.835   -5.574    4.287    5.135    5.941    5.979    6.091    7.304    8.256    8.386
    9.399    9.403    9.712   10.069   10.591   10.671   11.504   11.746   12.568   13.874
   14.668   16.356   17.046   17.686
            0.202381  0.202381  0.000000
  -61.432  -60.699  -31.868  -31.222  -31.129  -30.846  -30.576  -30.497   -7.177   -6.372
   -5.856   -5.578    4.288    5.203    5.976    5.999    6.095    7.224    8.235    8.390
    9.341    9.378    9.678   10.070   10.551   10.675   11.513   11.819   12.611   13.845
   14.737   16.326   17.046   17.612
            0.214286  0.214286  0.000000
  -61.432  -60.699  -31.868  -31.222  -31.129  -30.846  -30.576  -30.497   -7.153   -6.379
   -5.874   -5.583    4.288    5.260    5.972    6.060    6.097    7.159    8.213    8.397
    9.287    9.355    9.644   10.072   10.509   10.677   11.519   11.890   12.646   13.817
   14.805   16.302   17.045   17.536
            0.226190  0.226190  0.000000
  -61.432  -60.699  -31.868  -31.222  -31.129  -30.846  -30.576  -30.497   -7.129   -6.389
   -5.888   -5.588    4.289    5.304    5.969    6.098    6.123    7.111    8.192    8.408
    9.235    9.334    9.611   10.073   10.464   10.679   11.520   11.960   12.671   13.792
   14.873   16.284   17.045   17.455
            0.238095  0.238095  0.000000
  -61.432  -60.699  -31.868  -31.222  -31.129  -30.846  -30.576  -30.497   -7.106   -6.403
   -5.898   -5.594    4.289    5.330    5.965    6.097    6.189    7.086    8.170    8.422
    9.187    9.315    9.579   10.075   10.417   10.679   11.517   12.028   12.687   13.768
   14.939   16.273   17.044   17.371
            0.250000  0.250000  0.000000
  -61.432  -60.699  -31.868  -31.222  -31.129  -30.846  -30.576  -30.497   -7.082   -6.420
   -5.903   -5.599    4.290    5.337    5.962    6.094    6.258    7.084    8.148    8.442
    9.142    9.298    9.546   10.077   10.369   10.679   11.510   12.093   12.691   13.747
   15.004   16.269   17.044   17.285
            0.261905  0.261905  0.000000
  -61.432  -60.699  -31.868  -31.222  -31.129  -30.846  -30.576  -30.497   -7.059   -6.440
   -5.903   -5.604    4.290    5.324    5.958    6.089    6.329    7.106    8.127    8.465
    9.100    9.283    9.512   10.079   10.319   10.677   11.498   12.156   12.685   13.728
   15.068   16.272   17.044   17.195
            0.273810  0.273810  0.000000
  -61.432  -60.699  -31.868  -31.222  -31.130  -30.846  -30.576  -30.497   -7.037   -6.462
   -5.899   -5.609    4.291    5.292    5.955    6.083    6.402    7.150    8.106    8.493
    9.063    9.270    9.478   10.080   10.268   10.675   11.483   12.216   12.669   13.712
   15.130   16.283   17.043   17.104
            0.285714  0.285714  0.000000
  -61.432  -60.699  -31.869  -31.222  -31.130  -30.846  -30.576  -30.497   -7.015   -6.487
   -5.892   -5.614    4.291    5.245    5.951    6.075    6.477    7.214    8.086    8.525
    9.030    9.258    9.443   10.082   10.217   10.673   11.463   12.273   12.643   13.699
   15.189   16.300   17.011   17.043
            0.297619  0.297619  0.000000
  -61.432  -60.699  -31.869  -31.222  -31.130  -30.846  -30.576  -30.497   -6.994   -6.512
   -5.882   -5.619    4.292    5.186    5.948    6.065    6.555    7.293    8.067    8.562
    9.003    9.248    9.406   10.083   10.166   10.669   11.439   12.327   12.608   13.690
   15.247   16.324   16.917   17.042
            0.309524  0.309524  0.000000
  -61.432  -60.699  -31.869  -31.222  -31.130  -30.845  -30.576  -30.497   -6.974   -6.539
   -5.869   -5.623    4.292    5.118    5.945    6.055    6.634    7.383    8.048    8.602
    8.981    9.238    9.367   10.085   10.116   10.665   11.410   12.377   12.564   13.683
   15.301   16.353   16.822   17.042
            0.321429  0.321429  0.000000
  -61.432  -60.699  -31.869  -31.222  -31.131  -30.845  -30.576  -30.497   -6.956   -6.566
   -5.854   -5.628    4.292    5.044    5.941    6.043    6.714    7.480    8.031    8.646
    8.966    9.230    9.324   10.068   10.087   10.660   11.378   12.423   12.513   13.680
   15.353   16.387   16.728   17.041
            0.333333  0.333333  0.000000
  -61.432  -60.699  -31.869  -31.222  -31.131  -30.845  -30.576  -30.497   -6.938   -6.593
   -5.837   -5.632    4.293    4.968    5.938    6.031    6.796    7.581    8.014    8.693
    8.959    9.223    9.279   10.022   10.088   10.655   11.341   12.455   12.465   13.679
   15.403   16.424   16.635   17.041
            0.345238  0.345238  0.000000
  -61.432  -60.699  -31.869  -31.222  -31.131  -30.845  -30.576  -30.497   -6.921   -6.620
   -5.820   -5.636    4.293    4.891    5.935    6.019    6.879    7.680    7.999    8.743
    8.962    9.217    9.229    9.978   10.090   10.650   11.299   12.393   12.503   13.681
   15.449   16.464   16.544   17.041
            0.357143  0.357143  0.000000
  -61.432  -60.699  -31.869  -31.222  -31.132  -30.844  -30.576  -30.497   -6.906   -6.645
   -5.802   -5.640    4.293    4.815    5.932    6.006    6.963    7.775    7.986    8.795
    8.975    9.175    9.212    9.938   10.091   10.644   11.254   12.327   12.538   13.686
   15.492   16.455   16.505   17.040
            0.369048  0.369048  0.000000
  -61.432  -60.699  -31.869  -31.222  -31.132  -30.844  -30.576  -30.497   -6.892   -6.669
   -5.783   -5.644    4.293    4.741    5.930    5.993    7.047    7.863    7.974    8.848
    9.002    9.118    9.207    9.901   10.092   10.638   11.204   12.258   12.568   13.692
   15.531   16.370   16.547   17.040
            0.380952  0.380952  0.000000
  -61.432  -60.699  -31.869  -31.222  -31.132  -30.844  -30.576  -30.497   -6.879   -6.692
   -5.765   -5.648    4.293    4.670    5.927    5.981    7.131    7.940    7.965    8.902
    9.042    9.056    9.203    9.868   10.094   10.631   11.150   12.188   12.595   13.700
   15.567   16.289   16.588   17.040
            0.392857  0.392857  0.000000
  -61.432  -60.699  -31.869  -31.222  -31.133  -30.843  -30.576  -30.497   -6.867   -6.714
   -5.748   -5.651    4.294    4.604    5.925    5.969    7.213    7.958    8.005    8.955
    8.990    9.097    9.200    9.839   10.095   10.623   11.093   12.119   12.619   13.710
   15.599   16.214   16.629   17.039
            0.404762  0.404762  0.000000
  -61.432  -60.699  -31.869  -31.222  -31.133  -30.843  -30.576  -30.497   -6.857   -6.733
   -5.731   -5.654    4.294    4.543    5.923    5.958    7.294    7.954    8.058    8.920
    9.008    9.166    9.197    9.814   10.096   10.613   11.033   12.051   12.639   13.719
   15.626   16.145   16.667   17.039
            0.416667  0.416667  0.000000
  -61.432  -60.699  -31.869  -31.222  -31.133  -30.843  -30.576  -30.497   -6.848   -6.751
   -5.716   -5.656    4.294    4.489    5.921    5.947    7.372    7.955    8.099    8.848
    9.058    9.196    9.246    9.792   10.097   10.602   10.971   11.986   12.656   13.730
   15.649   16.084   16.702   17.039
            0.428571  0.428571  0.000000
  -61.432  -60.699  -31.869  -31.222  -31.134  -30.842  -30.576  -30.497   -6.840   -6.766
   -5.702   -5.659    4.294    4.440    5.919    5.938    7.445    7.962    8.129    8.773
    9.104    9.195    9.334    9.774   10.098   10.588   10.910   11.925   12.670   13.739
   15.667   16.031   16.734   17.039
            0.440476  0.440476  0.000000
  -61.432  -60.699  -31.869  -31.222  -31.134  -30.842  -30.576  -30.497   -6.833   -6.779
   -5.690   -5.660    4.293    4.398    5.918    5.930    7.510    7.976    8.151    8.698
    9.143    9.196    9.426    9.759   10.098   10.568   10.853   11.871   12.682   13.748
   15.680   15.988   16.762   17.039
            0.452381  0.452381  0.000000
  -61.432  -60.699  -31.869  -31.222  -31.134  -30.842  -30.576  -30.497   -6.828   -6.790
   -5.679   -5.662    4.293    4.364    5.916    5.924    7.564    7.998    8.167    8.623
    9.170    9.205    9.518    9.747   10.099   10.542   10.804   11.824   12.691   13.756
   15.688   15.954   16.786   17.038
            0.464286  0.464286  0.000000
  -61.432  -60.699  -31.869  -31.222  -31.134  -30.842  -30.576  -30.497   -6.824   -6.798
   -5.671   -5.663    4.292    4.338    5.915    5.919    7.607    8.030    8.177    8.551
    9.179    9.226    9.604    9.738   10.099   10.508   10.767   11.786   12.698   13.763
   15.692   15.930   16.805   17.038
            0.476190  0.476190  0.000000
  -61.432  -60.699  -31.869  -31.222  -31.134  -30.842  -30.576  -30.497   -6.821   -6.804
   -5.666   -5.663    4.289    4.321    5.912    5.917    7.636    8.067    8.184    8.485
    9.181    9.246    9.677    9.732   10.100   10.471   10.742   11.757   12.703   13.768
   15.692   15.915   16.818   17.038
            0.488095  0.488095  0.000000
  -61.432  -60.699  -31.869  -31.222  -31.135  -30.841  -30.576  -30.497   -6.819   -6.808
   -5.665   -5.661    4.287    4.312    5.910    5.916    7.652    8.101    8.188    8.436
    9.182    9.259    9.727    9.728   10.100   10.442   10.729   11.740   12.706   13.771
   15.691   15.907   16.826   17.038
            0.500000  0.500000  0.000000
  -61.432  -60.699  -31.869  -31.222  -31.135  -30.841  -30.576  -30.497   -6.819   -6.809
   -5.665   -5.660    4.285    4.309    5.910    5.916    7.658    8.116    8.189    8.416
    9.182    9.263    9.727    9.746   10.100   10.430   10.724   11.734   12.707   13.772
   15.691   15.904   16.829   17.038
            0.500000  0.500000  0.017257
  -61.432  -60.699  -31.869  -31.223  -31.135  -30.841  -30.576  -30.497   -6.818   -6.808
   -5.666   -5.660    4.287    4.311    5.909    5.914    7.659    8.119    8.192    8.417
    9.175    9.254    9.714    9.742   10.113   10.436   10.729   11.738   12.706   13.770
   15.692   15.905   16.826   17.035
            0.500000  0.500000  0.034514
  -61.432  -60.699  -31.869  -31.223  -31.134  -30.841  -30.577  -30.497   -6.815   -6.805
   -5.668   -5.662    4.292    4.316    5.906    5.910    7.661    8.128    8.201    8.419
    9.154    9.229    9.682    9.732   10.146   10.453   10.742   11.747   12.701   13.766
   15.696   15.909   16.817   17.026
            0.500000  0.500000  0.051770
  -61.432  -60.699  -31.869  -31.224  -31.134  -30.841  -30.578  -30.497   -6.810   -6.800
   -5.671   -5.665    4.300    4.325    5.899    5.904    7.666    8.144    8.217    8.424
    9.120    9.189    9.636    9.715   10.194   10.479   10.762   11.763   12.694   13.758
   15.702   15.916   16.801   17.011
            0.500000  0.500000  0.069027
  -61.432  -60.699  -31.869  -31.226  -31.134  -30.841  -30.580  -30.497   -6.804   -6.794
   -5.675   -5.670    4.312    4.337    5.889    5.898    7.673    8.165    8.238    8.430
    9.075    9.136    9.584    9.692   10.249   10.513   10.790   11.785   12.684   13.748
   15.711   15.925   16.780   16.991
            0.500000  0.500000  0.086284
  -61.432  -60.699  -31.869  -31.228  -31.133  -30.841  -30.582  -30.497   -6.795   -6.785
   -5.680   -5.675    4.327    4.352    5.877    5.891    7.681    8.191    8.264    8.438
    9.019    9.071    9.529    9.664   10.309   10.553   10.822   11.812   12.671   13.734
   15.722   15.936   16.753   16.965
            0.500000  0.500000  0.103541
  -61.432  -60.699  -31.868  -31.230  -31.133  -30.841  -30.584  -30.496   -6.785   -6.775
   -5.687   -5.682    4.346    4.371    5.861    5.883    7.691    8.222    8.295    8.448
    8.954    8.999    9.472    9.631   10.372   10.596   10.858   11.844   12.655   13.718
   15.735   15.949   16.721   16.935
            0.500000  0.500000  0.120798
  -61.432  -60.699  -31.868  -31.233  -31.132  -30.841  -30.587  -30.496   -6.773   -6.763
   -5.694   -5.689    4.368    4.393    5.844    5.874    7.703    8.256    8.330    8.459
    8.882    8.919    9.417    9.594   10.435   10.641   10.898   11.880   12.636   13.699
   15.749   15.965   16.684   16.900
            0.500000  0.500000  0.138055
  -61.431  -60.698  -31.868  -31.236  -31.132  -30.841  -30.590  -30.495   -6.759   -6.750
   -5.703   -5.698    4.392    4.419    5.825    5.865    7.717    8.293    8.369    8.472
    8.803    8.833    9.362    9.553   10.499   10.686   10.939   11.920   12.615   13.677
   15.766   15.982   16.642   16.860
            0.500000  0.500000  0.155311
  -61.431  -60.698  -31.868  -31.240  -31.131  -30.841  -30.594  -30.494   -6.744   -6.734
   -5.712   -5.708    4.420    4.447    5.805    5.856    7.733    8.332    8.412    8.487
    8.720    8.744    9.311    9.511   10.564   10.732   10.981   11.963   12.591   13.653
   15.783   16.000   16.597   16.818
            0.500000  0.500000  0.172568
  -61.431  -60.698  -31.867  -31.244  -31.130  -30.841  -30.598  -30.494   -6.727   -6.718
   -5.723   -5.718    4.451    4.479    5.784    5.846    7.750    8.371    8.455    8.503
    8.632    8.651    9.263    9.467   10.628   10.776   11.022   12.008   12.565   13.626
   15.802   16.019   16.548   16.772
            0.500000  0.500000  0.189825
  -61.431  -60.698  -31.867  -31.248  -31.129  -30.840  -30.603  -30.493   -6.709   -6.700
   -5.734   -5.730    4.485    4.514    5.762    5.837    7.769    8.408    8.500    8.521
    8.541    8.556    9.221    9.423   10.691   10.819   11.064   12.056   12.536   13.596
   15.821   16.040   16.496   16.723
            0.500000  0.500000  0.207082
  -61.430  -60.697  -31.867  -31.252  -31.129  -30.840  -30.607  -30.492   -6.689   -6.680
   -5.746   -5.742    4.521    4.551    5.740    5.828    7.789    8.440    8.449    8.460
    8.539    8.544    9.187    9.382   10.754   10.860   11.104   12.105   12.505   13.564
   15.840   16.061   16.442   16.673
            0.500000  0.500000  0.224339
  -61.430  -60.697  -31.866  -31.257  -31.128  -30.840  -30.612  -30.491   -6.669   -6.659
   -5.759   -5.755    4.560    4.592    5.717    5.819    7.811    8.350    8.362    8.470
    8.560    8.585    9.162    9.344   10.816   10.898   11.143   12.156   12.472   13.530
   15.860   16.082   16.386   16.621
            0.500000  0.500000  0.241596
  -61.430  -60.697  -31.866  -31.262  -31.127  -30.840  -30.618  -30.491   -6.647   -6.637
   -5.772   -5.769    4.602    4.635    5.695    5.812    7.835    8.252    8.265    8.489
    8.582    8.620    9.149    9.312   10.877   10.934   11.181   12.207   12.437   13.494
   15.880   16.103   16.329   16.568
            0.500000  0.500000  0.258852
  -61.430  -60.697  -31.866  -31.267  -31.126  -30.840  -30.623  -30.490   -6.624   -6.614
   -5.786   -5.783    4.646    4.680    5.673    5.805    7.860    8.154    8.167    8.497
    8.606    8.646    9.149    9.290   10.937   10.967   11.217   12.259   12.400   13.456
   15.898   16.124   16.270   16.515
            0.500000  0.500000  0.276109
  -61.429  -60.696  -31.865  -31.273  -31.124  -30.839  -30.629  -30.489   -6.600   -6.591
   -5.801   -5.798    4.692    4.728    5.652    5.800    7.886    8.055    8.070    8.494
    8.630    8.661    9.163    9.281   10.996   10.997   11.251   12.311   12.362   13.416
   15.917   16.144   16.211   16.461
            0.500000  0.500000  0.293366
  -61.429  -60.696  -31.865  -31.278  -31.123  -30.839  -30.635  -30.488   -6.575   -6.566
   -5.816   -5.813    4.740    4.778    5.631    5.795    7.913    7.956    7.973    8.481
    8.655    8.661    9.189    9.287   11.025   11.053   11.282   12.321   12.363   13.375
   15.934   16.152   16.164   16.408
            0.500000  0.500000  0.310623
  -61.429  -60.696  -31.865  -31.284  -31.122  -30.839  -30.641  -30.487   -6.549   -6.541
   -5.831   -5.828    4.789    4.829    5.610    5.792    7.859    7.878    7.942    8.460
    8.647    8.682    9.225    9.307   11.049   11.109   11.312   12.280   12.415   13.332
   15.950   16.093   16.182   16.356
            0.500000  0.500000  0.327880
  -61.428  -60.695  -31.864  -31.290  -31.121  -30.839  -30.647  -30.486   -6.523   -6.515
   -5.846   -5.844    4.841    4.883    5.591    5.790    7.762    7.783    7.972    8.432
    8.621    8.710    9.268    9.340   11.071   11.164   11.339   12.237   12.467   13.288
   15.965   16.035   16.199   16.304
            0.500000  0.500000  0.345137
  -61.428  -60.695  -31.864  -31.296  -31.120  -30.839  -30.653  -30.485   -6.497   -6.489
   -5.862   -5.860    4.893    4.938    5.572    5.789    7.667    7.690    8.003    8.401
    8.585    8.738    9.317    9.383   11.090   11.217   11.364   12.193   12.517   13.243
   15.977   15.978   16.216   16.254
            0.500000  0.500000  0.362393
  -61.428  -60.694  -31.863  -31.302  -31.119  -30.838  -30.659  -30.484   -6.471   -6.462
   -5.878   -5.875    4.947    4.994    5.555    5.790    7.574    7.598    8.034    8.367
    8.542    8.767    9.369    9.432   11.106   11.268   11.387   12.148   12.567   13.198
   15.921   15.989   16.206   16.231
            0.500000  0.500000  0.379650
  -61.427  -60.694  -31.863  -31.307  -31.117  -30.838  -30.665  -30.482   -6.444   -6.436
   -5.893   -5.891    5.002    5.051    5.538    5.792    7.483    7.509    8.066    8.332
    8.495    8.796    9.423    9.486   11.119   11.317   11.408   12.103   12.616   13.151
   15.867   15.999   16.159   16.244
            0.500000  0.500000  0.396907
  -61.427  -60.694  -31.862  -31.313  -31.116  -30.838  -30.671  -30.481   -6.417   -6.409
   -5.909   -5.907    5.057    5.109    5.522    5.795    7.395    7.422    8.099    8.297
    8.445    8.826    9.477    9.542   11.129   11.365   11.426   12.058   12.663   13.104
   15.814   16.008   16.115   16.256
            0.500000  0.500000  0.414164
  -61.427  -60.693  -31.862  -31.319  -31.115  -30.838  -30.678  -30.480   -6.391   -6.383
   -5.924   -5.922    5.112    5.167    5.507    5.799    7.309    7.338    8.132    8.261
    8.394    8.856    9.531    9.600   11.137   11.411   11.443   12.012   12.709   13.058
   15.764   16.014   16.073   16.266
            0.500000  0.500000  0.431421
  -61.426  -60.693  -31.862  -31.325  -31.114  -30.838  -30.683  -30.479   -6.365   -6.357
   -5.939   -5.937    5.168    5.225    5.493    5.805    7.227    7.256    8.166    8.227
    8.342    8.886    9.585    9.658   11.143   11.451   11.461   11.966   12.753   13.011
   15.716   16.019   16.034   16.275
            0.500000  0.500000  0.448678
  -61.426  -60.693  -31.861  -31.330  -31.113  -30.837  -30.689  -30.478   -6.340   -6.332
   -5.954   -5.952    5.223    5.283    5.480    5.811    7.147    7.178    8.191    8.202
    8.291    8.915    9.637    9.715   11.147   11.468   11.499   11.921   12.796   12.965
   15.670   15.996   16.023   16.282
            0.500000  0.500000  0.465934
  -61.426  -60.692  -31.861  -31.336  -31.112  -30.837  -30.695  -30.477   -6.315   -6.307
   -5.969   -5.966    5.278    5.340    5.468    5.819    7.071    7.103    8.161    8.233
    8.240    8.945    9.687    9.771   11.148   11.479   11.538   11.877   12.837   12.919
   15.627   15.961   16.025   16.289
            0.500000  0.500000  0.483191
  -61.425  -60.692  -31.860  -31.341  -31.111  -30.837  -30.700  -30.477   -6.291   -6.283
   -5.982   -5.979    5.331    5.396    5.457    5.827    6.999    7.032    8.131    8.190
    8.266    8.974    9.734    9.825   11.148   11.488   11.576   11.833   12.872   12.878
   15.586   15.930   16.026   16.293
            0.500000  0.500000  0.500448
  -61.425  -60.692  -31.860  -31.346  -31.109  -30.837  -30.706  -30.476   -6.267   -6.260
   -5.996   -5.992    5.384    5.447    5.452    5.836    6.930    6.965    8.102    8.141
    8.299    9.002    9.779    9.877   11.145   11.495   11.613   11.791   12.831   12.912
   15.549   15.900   16.026   16.297
            0.500000  0.500000  0.517705
  -61.425  -60.692  -31.860  -31.350  -31.109  -30.837  -30.710  -30.475   -6.245   -6.238
   -6.008   -6.005    5.435    5.438    5.504    5.845    6.865    6.902    8.075    8.095
    8.330    9.029    9.822    9.926   11.142   11.501   11.646   11.750   12.789   12.946
   15.514   15.874   16.025   16.300
            0.500000  0.500000  0.534962
  -61.425  -60.691  -31.859  -31.355  -31.108  -30.836  -30.715  -30.474   -6.225   -6.217
   -6.020   -6.016    5.429    5.484    5.555    5.855    6.804    6.843    8.050    8.051
    8.361    9.055    9.861    9.972   11.137   11.505   11.678   11.711   12.749   12.978
   15.482   15.850   16.023   16.302
            0.500000  0.500000  0.552219
  -61.424  -60.691  -31.859  -31.359  -31.107  -30.836  -30.719  -30.473   -6.205   -6.198
   -6.031   -6.027    5.421    5.530    5.604    5.865    6.748    6.788    8.009    8.027
    8.390    9.080    9.897   10.015   11.132   11.508   11.674   11.708   12.711   13.008
   15.453   15.828   16.020   16.303
            0.500000  0.500000  0.569475
  -61.424  -60.691  -31.859  -31.363  -31.106  -30.836  -30.723  -30.473   -6.187   -6.180
   -6.041   -6.037    5.415    5.574    5.649    5.875    6.696    6.738    7.970    8.007
    8.417    9.103    9.929   10.055   11.126   11.510   11.640   11.734   12.676   13.035
   15.427   15.809   16.017   16.304
            0.500000  0.500000  0.586732
  -61.424  -60.691  -31.859  -31.366  -31.105  -30.836  -30.727  -30.472   -6.171   -6.163
   -6.050   -6.046    5.409    5.615    5.691    5.884    6.649    6.693    7.935    7.988
    8.443    9.124    9.959   10.091   11.119   11.512   11.608   11.759   12.643   13.059
   15.403   15.792   16.014   16.304
            0.500000  0.500000  0.603989
  -61.424  -60.690  -31.858  -31.369  -31.105  -30.836  -30.730  -30.471   -6.156   -6.149
   -6.058   -6.054    5.403    5.653    5.729    5.893    6.606    6.652    7.903    7.971
    8.467    9.143    9.984   10.123   11.113   11.512   11.579   11.781   12.613   13.081
   15.383   15.777   16.011   16.303
            0.500000  0.500000  0.621246
  -61.424  -60.690  -31.858  -31.372  -31.104  -30.836  -30.733  -30.471   -6.143   -6.136
   -6.066   -6.061    5.399    5.687    5.763    5.901    6.568    6.617    7.874    7.957
    8.488    9.160   10.007   10.151   11.107   11.512   11.554   11.800   12.587   13.100
   15.366   15.765   16.007   16.303
            0.500000  0.500000  0.638503
  -61.424  -60.690  -31.858  -31.374  -31.104  -30.836  -30.735  -30.471   -6.132   -6.125
   -6.072   -6.067    5.395    5.716    5.792    5.909    6.535    6.587    7.850    7.945
    8.506    9.175   10.026   10.175   11.101   11.512   11.532   11.816   12.564   13.116
   15.351   15.755   16.004   16.302
            0.500000  0.500000  0.655760
  -61.423  -60.690  -31.858  -31.376  -31.103  -30.836  -30.737  -30.470   -6.123   -6.115
   -6.077   -6.072    5.392    5.741    5.817    5.915    6.508    6.562    7.829    7.935
    8.522    9.187   10.041   10.195   11.096   11.512   11.513   11.830   12.545   13.129
   15.339   15.747   16.002   16.302
            0.500000  0.500000  0.673016
  -61.423  -60.690  -31.858  -31.378  -31.103  -30.836  -30.739  -30.470   -6.115   -6.108
   -6.081   -6.076    5.389    5.761    5.837    5.920    6.486    6.542    7.813    7.927
    8.534    9.197   10.053   10.210   11.092   11.499   11.511   11.840   12.530   13.140
   15.330   15.740   16.000   16.301
            0.500000  0.500000  0.690273
  -61.423  -60.690  -31.858  -31.379  -31.103  -30.836  -30.740  -30.470   -6.110   -6.103
   -6.084   -6.079    5.388    5.776    5.851    5.924    6.471    6.528    7.802    7.921
    8.543    9.204   10.062   10.221   11.088   11.488   11.511   11.848   12.520   13.147
   15.323   15.736   15.998   16.301
            0.500000  0.500000  0.707530
  -61.423  -60.690  -31.858  -31.379  -31.102  -30.836  -30.741  -30.470   -6.107   -6.100
   -6.085   -6.081    5.387    5.785    5.859    5.926    6.461    6.520    7.795    7.918
    8.548    9.208   10.067   10.228   11.086   11.482   11.511   11.853   12.513   13.152
   15.319   15.733   15.997   16.300
            0.500000  0.500000  0.724787
  -61.423  -60.690  -31.858  -31.379  -31.102  -30.836  -30.741  -30.470   -6.106   -6.099
   -6.086   -6.081    5.386    5.788    5.862    5.927    6.458    6.517    7.792    7.917
    8.550    9.210   10.068   10.230   11.086   11.480   11.511   11.854   12.511   13.153
   15.318   15.732   15.997   16.300
            0.488095  0.488095  0.724787
  -61.423  -60.690  -31.858  -31.379  -31.102  -30.836  -30.741  -30.470   -6.115   -6.106
   -6.081   -6.070    5.387    5.787    5.863    5.919    6.470    6.515    7.794    7.917
    8.548    9.210   10.069   10.227   11.086   11.480   11.511   11.840   12.524   13.152
   15.305   15.732   15.997   16.313
            0.476190  0.476190  0.724787
  -61.423  -60.690  -31.858  -31.380  -31.102  -30.836  -30.741  -30.470   -6.136   -6.107
   -6.081   -6.049    5.389    5.785    5.866    5.898    6.502    6.510    7.797    7.917
    8.544    9.211   10.071   10.220   11.086   11.481   11.510   11.801   12.559   13.149
   15.269   15.732   15.999   16.349
            0.464286  0.464286  0.724787
  -61.423  -60.690  -31.858  -31.380  -31.102  -30.835  -30.741  -30.470   -6.157   -6.108
   -6.080   -6.028    5.391    5.779    5.870    5.870    6.502    6.552    7.802    7.916
    8.536    9.212   10.075   10.208   11.086   11.483   11.510   11.744   12.610   13.144
   15.215   15.733   16.002   16.404
            0.452381  0.452381  0.724787
  -61.423  -60.690  -31.858  -31.380  -31.102  -30.835  -30.741  -30.470   -6.177   -6.109
   -6.079   -6.007    5.395    5.766    5.843    5.876    6.491    6.614    7.810    7.916
    8.526    9.214   10.079   10.191   11.086   11.486   11.510   11.675   12.671   13.138
   15.148   15.733   16.006   16.471
            0.440476  0.440476  0.724787
  -61.423  -60.690  -31.858  -31.380  -31.102  -30.835  -30.741  -30.470   -6.197   -6.110
   -6.078   -5.987    5.400    5.741    5.825    5.884    6.477    6.684    7.819    7.915
    8.512    9.216   10.085   10.168   11.086   11.490   11.509   11.599   12.737   13.130
   15.073   15.734   16.011   16.546
            0.428571  0.428571  0.724787
  -61.423  -60.690  -31.858  -31.380  -31.102  -30.835  -30.741  -30.470   -6.217   -6.112
   -6.076   -5.967    5.405    5.706    5.817    5.893    6.461    6.761    7.830    7.914
    8.496    9.218   10.090   10.141   11.086   11.494   11.508   11.520   12.805   13.122
   14.994   15.735   16.016   16.626
            0.416667  0.416667  0.724787
  -61.423  -60.690  -31.857  -31.380  -31.102  -30.835  -30.741  -30.469   -6.236   -6.114
   -6.075   -5.948    5.412    5.667    5.813    5.904    6.442    6.844    7.842    7.913
    8.477    9.221   10.094   10.109   11.086   11.440   11.499   11.507   12.874   13.114
   14.912   15.736   16.022   16.708
            0.404762  0.404762  0.724787
  -61.423  -60.690  -31.857  -31.380  -31.102  -30.835  -30.741  -30.469   -6.254   -6.116
   -6.073   -5.929    5.420    5.627    5.812    5.915    6.422    6.930    7.854    7.912
    8.456    9.224   10.071   10.096   11.085   11.362   11.505   11.506   12.942   13.105
   14.831   15.736   16.027   16.789
            0.392857  0.392857  0.724787
  -61.423  -60.690  -31.857  -31.380  -31.102  -30.835  -30.741  -30.469   -6.271   -6.119
   -6.071   -5.912    5.430    5.589    5.812    5.928    6.401    7.019    7.868    7.911
    8.432    9.228   10.028   10.095   11.085   11.288   11.505   11.511   13.007   13.097
   14.751   15.738   16.033   16.868
            0.380952  0.380952  0.724787
  -61.423  -60.690  -31.857  -31.380  -31.102  -30.835  -30.741  -30.469   -6.288   -6.122
   -6.068   -5.895    5.440    5.553    5.813    5.941    6.379    7.111    7.882    7.909
    8.406    9.232    9.980   10.089   11.084   11.221   11.504   11.519   13.071   13.091
   14.674   15.739   16.037   16.943
            0.369048  0.369048  0.724787
  -61.423  -60.690  -31.857  -31.380  -31.102  -30.835  -30.741  -30.469   -6.303   -6.125
   -6.066   -5.879    5.452    5.520    5.814    5.953    6.358    7.205    7.895    7.908
    8.378    9.235    9.927   10.076   11.083   11.162   11.503   11.527   13.086   13.131
   14.601   15.740   16.041   17.014
            0.357143  0.357143  0.724787
  -61.423  -60.690  -31.857  -31.380  -31.103  -30.835  -30.741  -30.469   -6.317   -6.128
   -6.063   -5.865    5.464    5.489    5.816    5.965    6.338    7.301    7.906    7.909
    8.348    9.239    9.868   10.055   11.082   11.115   11.501   11.536   13.082   13.188
   14.532   15.741   16.044   17.079
            0.345238  0.345238  0.724787
  -61.423  -60.690  -31.857  -31.380  -31.103  -30.834  -30.741  -30.469   -6.330   -6.132
   -6.060   -5.852    5.462    5.479    5.819    5.976    6.320    7.398    7.904    7.921
    8.316    9.243    9.805   10.023   11.081   11.081   11.500   11.545   13.082   13.241
   14.468   15.742   16.045   17.139
            0.333333  0.333333  0.724787
  -61.423  -60.690  -31.857  -31.380  -31.103  -30.834  -30.741  -30.469   -6.342   -6.136
   -6.057   -5.840    5.437    5.494    5.822    5.983    6.306    7.495    7.902    7.933
    8.283    9.247    9.736    9.980   11.060   11.080   11.498   11.555   13.083   13.290
   14.409   15.744   16.045   17.191
            0.321429  0.321429  0.724787
  -61.423  -60.690  -31.857  -31.381  -31.103  -30.834  -30.741  -30.469   -6.352   -6.140
   -6.053   -5.830    5.416    5.510    5.826    5.986    6.298    7.594    7.900    7.944
    8.248    9.251    9.663    9.926   11.054   11.079   11.496   11.566   13.088   13.335
   14.357   15.745   16.043   17.236
            0.309524  0.309524  0.724787
  -61.423  -60.690  -31.857  -31.381  -31.103  -30.834  -30.741  -30.469   -6.362   -6.144
   -6.050   -5.821    5.398    5.528    5.831    5.983    6.295    7.692    7.898    7.954
    8.213    9.255    9.586    9.862   11.060   11.078   11.495   11.577   13.095   13.375
   14.311   15.746   16.040   17.272
            0.297619  0.297619  0.724787
  -61.423  -60.690  -31.857  -31.381  -31.103  -30.834  -30.741  -30.469   -6.369   -6.148
   -6.046   -5.813    5.383    5.547    5.837    5.974    6.300    7.790    7.896    7.962
    8.177    9.258    9.505    9.790   11.076   11.079   11.493   11.589   13.106   13.411
   14.272   15.748   16.034   17.301
            0.285714  0.285714  0.724787
  -61.423  -60.690  -31.857  -31.381  -31.103  -30.834  -30.741  -30.469   -6.376   -6.153
   -6.043   -5.807    5.371    5.568    5.843    5.960    6.311    7.886    7.893    7.969
    8.141    9.261    9.420    9.713   11.075   11.107   11.491   11.602   13.119   13.442
   14.240   15.749   16.026   17.320
            0.273810  0.273810  0.724787
  -61.423  -60.690  -31.857  -31.381  -31.102  -30.834  -30.741  -30.469   -6.381   -6.157
   -6.039   -5.803    5.363    5.590    5.852    5.942    6.328    7.890    7.974    7.981
    8.104    9.262    9.333    9.631   11.073   11.144   11.489   11.614   13.136   13.469
   14.216   15.750   16.016   17.331
            0.261905  0.261905  0.724787
  -61.423  -60.690  -31.857  -31.381  -31.102  -30.834  -30.741  -30.469   -6.384   -6.162
   -6.035   -5.800    5.357    5.613    5.861    5.920    6.349    7.886    7.977    8.067
    8.074    9.245    9.262    9.547   11.072   11.189   11.486   11.627   13.155   13.491
   14.199   15.752   16.003   17.332
            0.250000  0.250000  0.724787
  -61.423  -60.690  -31.857  -31.381  -31.102  -30.834  -30.741  -30.469   -6.386   -6.166
   -6.032   -5.799    5.353    5.637    5.873    5.896    6.374    7.882    7.978    8.033
    8.162    9.156    9.257    9.465   11.070   11.239   11.484   11.640   13.177   13.507
   14.190   15.753   15.989   17.325
            0.238095  0.238095  0.724787
  -61.423  -60.690  -31.857  -31.381  -31.102  -30.834  -30.741  -30.469   -6.387   -6.171
   -6.028   -5.799    5.352    5.662    5.871    5.886    6.402    7.876    7.977    8.000
    8.244    9.069    9.240    9.394   11.069   11.295   11.482   11.654   13.202   13.519
   14.189   15.754   15.972   17.308
            0.226190  0.226190  0.724787
  -61.423  -60.690  -31.857  -31.381  -31.102  -30.834  -30.741  -30.469   -6.386   -6.175
   -6.024   -5.801    5.353    5.689    5.845    5.901    6.431    7.867    7.969    7.974
    8.315    8.988    9.197    9.348   11.067   11.354   11.480   11.667   13.229   13.526
   14.195   15.755   15.953   17.283
            0.214286  0.214286  0.724787
  -61.423  -60.690  -31.857  -31.381  -31.102  -30.834  -30.741  -30.469   -6.383   -6.180
   -6.020   -5.804    5.356    5.716    5.818    5.919    6.463    7.854    7.944    7.969
    8.369    8.921    9.127    9.329   11.066   11.418   11.478   11.680   13.259   13.529
   14.209   15.756   15.932   17.248
            0.202381  0.202381  0.724787
  -61.423  -60.690  -31.857  -31.381  -31.102  -30.834  -30.741  -30.469   -6.380   -6.184
   -6.017   -5.809    5.361    5.745    5.792    5.939    6.495    7.834    7.926    7.962
    8.393    8.880    9.045    9.323   11.064   11.474   11.486   11.693   13.290   13.526
   14.231   15.757   15.909   17.206
            0.190476  0.190476  0.724787
  -61.423  -60.690  -31.857  -31.381  -31.102  -30.834  -30.741  -30.469   -6.375   -6.188
   -6.013   -5.815    5.366    5.766    5.775    5.962    6.528    7.810    7.914    7.954
    8.376    8.875    8.959    9.321   11.062   11.473   11.554   11.706   13.323   13.518
   14.261   15.758   15.884   17.155
            0.178571  0.178571  0.724787
  -61.423  -60.690  -31.857  -31.381  -31.102  -30.834  -30.741  -30.469   -6.368   -6.192
   -6.009   -5.823    5.373    5.741    5.805    5.989    6.562    7.783    7.907    7.943
    8.323    8.872    8.903    9.322   11.060   11.471   11.626   11.719   13.358   13.506
   14.298   15.759   15.858   17.096
            0.166667  0.166667  0.724787
  -61.423  -60.690  -31.857  -31.381  -31.102  -30.834  -30.741  -30.469   -6.361   -6.197
   -6.006   -5.832    5.380    5.717    5.836    6.019    6.596    7.754    7.901    7.932
    8.246    8.787    8.951    9.323   11.059   11.469   11.699   11.732   13.394   13.489
   14.342   15.760   15.830   17.030
            0.154762  0.154762  0.724787
  -61.423  -60.690  -31.857  -31.380  -31.102  -30.834  -30.741  -30.469   -6.352   -6.200
   -6.003   -5.842    5.387    5.694    5.867    6.053    6.629    7.726    7.898    7.918
    8.155    8.703    9.008    9.325   11.057   11.467   11.744   11.774   13.431   13.468
   14.394   15.760   15.802   16.957
            0.142857  0.142857  0.724787
  -61.423  -60.690  -31.857  -31.380  -31.102  -30.834  -30.741  -30.469   -6.342   -6.204
   -6.000   -5.853    5.395    5.672    5.898    6.091    6.663    7.698    7.895    7.904
    8.058    8.622    9.068    9.327   11.055   11.465   11.755   11.850   13.442   13.468
   14.452   15.758   15.775   16.878
            0.130952  0.130952  0.724787
  -61.423  -60.690  -31.857  -31.380  -31.102  -30.834  -30.741  -30.469   -6.331   -6.208
   -5.997   -5.865    5.402    5.651    5.930    6.133    6.695    7.672    7.888    7.892
    7.956    8.545    9.128    9.329   11.053   11.463   11.766   11.926   13.412   13.505
   14.516   15.739   15.765   16.793
            0.119048  0.119048  0.724787
  -61.423  -60.690  -31.857  -31.380  -31.102  -30.834  -30.741  -30.469   -6.320   -6.211
   -5.994   -5.878    5.409    5.632    5.960    6.180    6.727    7.648    7.853    7.872
    7.890    8.471    9.186    9.331   11.051   11.461   11.776   12.003   13.378   13.542
   14.586   15.711   15.765   16.704
            0.107143  0.107143  0.724787
  -61.423  -60.690  -31.857  -31.380  -31.102  -30.834  -30.741  -30.469   -6.308   -6.214
   -5.992   -5.892    5.416    5.615    5.991    6.230    6.758    7.625    7.749    7.856
    7.889    8.402    9.240    9.333   11.048   11.460   11.785   12.080   13.341   13.578
   14.662   15.681   15.765   16.610
            0.095238  0.095238  0.724787
  -61.423  -60.690  -31.857  -31.380  -31.102  -30.834  -30.741  -30.469   -6.295   -6.217
   -5.989   -5.906    5.422    5.599    6.019    6.285    6.787    7.604    7.645    7.840
    7.887    8.338    9.290    9.334   11.046   11.458   11.794   12.157   13.300   13.612
   14.742   15.653   15.765   16.512
            0.083333  0.083333  0.724787
  -61.423  -60.690  -31.857  -31.380  -31.102  -30.834  -30.741  -30.469   -6.282   -6.219
   -5.987   -5.920    5.427    5.585    6.047    6.345    6.814    7.542    7.586    7.824
    7.886    8.279    9.336    9.336   11.044   11.457   11.802   12.232   13.256   13.644
   14.827   15.626   15.766   16.412
            0.071429  0.071429  0.724787
  -61.423  -60.690  -31.857  -31.380  -31.102  -30.834  -30.741  -30.469   -6.269   -6.221
   -5.985   -5.933    5.431    5.572    6.072    6.408    6.838    7.440    7.570    7.809
    7.885    8.227    9.337    9.376   11.042   11.456   11.808   12.306   13.209   13.674
   14.915   15.601   15.766   16.310
            0.059524  0.059524  0.724787
  -61.423  -60.690  -31.857  -31.380  -31.102  -30.834  -30.741  -30.469   -6.257   -6.223
   -5.984   -5.946    5.435    5.562    6.094    6.475    6.860    7.339    7.556    7.795
    7.884    8.181    9.339    9.411   11.041   11.455   11.814   12.378   13.161   13.701
   15.005   15.578   15.766   16.208
            0.047619  0.047619  0.724787
  -61.423  -60.690  -31.857  -31.380  -31.102  -30.835  -30.741  -30.469   -6.246   -6.225
   -5.982   -5.959    5.438    5.553    6.113    6.547    6.878    7.241    7.545    7.783
    7.884    8.143    9.340    9.439   11.039   11.454   11.819   12.446   13.112   13.723
   15.096   15.559   15.767   16.108
            0.035714  0.035714  0.724787
  -61.423  -60.690  -31.857  -31.380  -31.102  -30.835  -30.741  -30.469   -6.236   -6.226
   -5.981   -5.969    5.441    5.546    6.129    6.622    6.893    7.144    7.536    7.773
    7.883    8.112    9.340    9.462   11.038   11.454   11.823   12.508   13.065   13.742
   15.184   15.543   15.767   16.012
            0.023810  0.023810  0.724787
  -61.423  -60.690  -31.857  -31.380  -31.102  -30.835  -30.741  -30.469   -6.228   -6.227
   -5.981   -5.977    5.442    5.541    6.140    6.701    6.905    7.050    7.529    7.765
    7.883    8.090    9.341    9.478   11.037   11.453   11.826   12.561   13.022   13.755
   15.263   15.532   15.767   15.926
            0.011905  0.011905  0.724787
  -61.423  -60.690  -31.857  -31.380  -31.102  -30.835  -30.741  -30.469   -6.227   -6.223
   -5.982   -5.980    5.444    5.538    6.148    6.782    6.911    6.959    7.525    7.761
    7.883    8.076    9.341    9.488   11.036   11.453   11.827   12.598   12.991   13.763
   15.324   15.524   15.767   15.862
            0.000000  0.000000  0.724787
  -61.423  -60.690  -31.857  -31.380  -31.102  -30.835  -30.741  -30.469   -6.227   -6.221
   -5.984   -5.980    5.444    5.538    6.150    6.855    6.883    6.914    7.524    7.759
    7.882    8.072    9.342    9.492   11.036   11.453   11.828   12.612   12.979   13.766
   15.348   15.522   15.767   15.837
